4.jpg 0.17244495451450348 0.0 0.0 283.14886474609375 162.49807739257812
0.jpg 0.174843430519104 0.0 0.0 287.1058044433594 159.5451202392578
2.jpg 0.2025631219148636 0.0 0.0 279.9200744628906 160.3406982421875
2.jpg 0.1644005924463272 0.0 144.1134796142578 243.58334350585938 300.0
2.jpg 0.15426991879940033 0.0 67.81230926513672 283.48974609375 283.67877197265625
7.jpg 0.17231710255146027 0.0 0.0 295.59173583984375 160.55226135253906
5.jpg 0.19746622443199158 0.0 0.0 283.35858154296875 160.5276336669922
5.jpg 0.16999343037605286 0.0 146.61819458007812 245.1023406982422 300.0
5.jpg 0.169939324259758 0.0 67.87141418457031 288.46319580078125 283.8972473144531
3.jpg 0.16754090785980225 0.0 0.0 300.0 160.51553344726562
3.jpg 0.16083037853240967 0.0 145.53955078125 248.31930541992188 300.0
1.jpg 0.18449310958385468 0.0 0.0 300.0 161.20663452148438
1.jpg 0.1739952117204666 0.0 72.86483001708984 296.89080810546875 284.64019775390625
1.jpg 0.16959166526794434 0.0 150.5557403564453 248.1632843017578 300.0
6.jpg 0.1094638854265213 205.43795776367188 206.62518310546875 254.68624877929688 255.1565704345703
6.jpg 0.10569584369659424 136.4018096923828 155.54112243652344 300.0 300.0
3.jpg 0.11239811778068542 220.4713897705078 109.29046630859375 271.0830383300781 157.81472778320312
8.jpg 0.10517224669456482 138.8766632080078 154.34274291992188 300.0 300.0
9.jpg 0.10189054906368256 137.64903259277344 155.6522674560547 300.0 300.0
4.jpg 0.1974359005689621 239.6343994140625 155.65199279785156 289.271728515625 206.1460723876953
4.jpg 0.16908524930477142 224.73785400390625 142.0851287841797 272.69451904296875 190.67684936523438
6.jpg 0.25658223032951355 125.7051773071289 71.48191833496094 175.97203063964844 122.64521789550781
6.jpg 0.1501881629228592 140.7431182861328 78.11383056640625 190.65284729003906 130.5216522216797
7.jpg 0.2241504192352295 247.42555236816406 114.22879791259766 297.8861389160156 163.2518768310547
5.jpg 0.17740073800086975 137.9561767578125 206.89620971679688 185.48448181152344 255.9337921142578
3.jpg 0.2181052565574646 222.4220733642578 138.9711456298828 271.2182312011719 187.3134307861328
3.jpg 0.16093754768371582 233.93505859375 0.0 281.9490661621094 49.509071350097656
6.jpg 0.25658223032951355 125.7051773071289 71.48191833496094 175.97203063964844 122.64521789550781
6.jpg 0.25658223032951355 125.7051773071289 71.48191833496094 175.97203063964844 122.64521789550781
7.jpg 0.2241504192352295 247.42555236816406 114.22879791259766 297.8861389160156 163.2518768310547
3.jpg 0.2181052565574646 222.4220733642578 138.9711456298828 271.2182312011719 187.3134307861328
1.jpg 0.24941867589950562 99.27958679199219 211.1173553466797 145.70326232910156 256.9535217285156
9.jpg 0.23195147514343262 88.59306335449219 240.2712860107422 139.75848388671875 290.9415283203125
4.jpg 0.24325929582118988 6.016646385192871 246.9458465576172 51.60762023925781 292.5606384277344
4.jpg 0.23307432234287262 243.34495544433594 156.65667724609375 294.1806640625 207.56446838378906
6.jpg 0.27190348505973816 145.2825164794922 90.90560913085938 194.526611328125 141.6041259765625
6.jpg 0.18265223503112793 123.35987091064453 100.9124755859375 171.77996826171875 150.6546630859375
6.jpg 0.1798006147146225 226.85995483398438 232.6650390625 276.7258605957031 282.6053466796875
0.jpg 0.14697614312171936 5.590512752532959 238.6399383544922 57.75129318237305 290.2545166015625
2.jpg 0.13325954973697662 235.83213806152344 40.946495056152344 285.0343322753906 90.26360321044922
7.jpg 0.16778387129306793 236.51141357421875 219.45272827148438 288.878173828125 272.1277770996094
5.jpg 0.2106749415397644 203.3840789794922 150.44940185546875 254.65036010742188 200.7225341796875
5.jpg 0.17373009026050568 172.3363494873047 84.10020446777344 221.23892211914062 131.9853057861328
3.jpg 0.20325741171836853 43.840572357177734 3.4733242988586426 89.71846008300781 49.93709182739258
1.jpg 0.1349702775478363 220.35169982910156 210.6718292236328 268.332275390625 257.9452209472656
8.jpg 0.14489346742630005 233.81239318847656 24.24384880065918 285.7509765625 76.45014190673828
9.jpg 0.2462550550699234 146.04110717773438 3.717686891555786 196.04356384277344 52.70270538330078
9.jpg 0.21916179358959198 89.43025970458984 238.8738555908203 141.04794311523438 290.62017822265625
9.jpg 0.21914348006248474 108.2605209350586 234.28445434570312 160.7161102294922 285.6949462890625
9.jpg 0.20504707098007202 11.906770706176758 11.15236759185791 64.04195404052734 62.822486877441406
9.jpg 0.14195913076400757 114.4572525024414 217.0384063720703 164.9735565185547 267.7591552734375
9.jpg 0.12811632454395294 178.61196899414062 167.626708984375 225.80271911621094 215.4040069580078
4.jpg 0.24325929582118988 6.016646385192871 246.9458465576172 51.60762023925781 292.5606384277344
4.jpg 0.23307432234287262 243.34495544433594 156.65667724609375 294.1806640625 207.56446838378906
6.jpg 0.27190348505973816 145.2825164794922 90.90560913085938 194.526611328125 141.6041259765625
5.jpg 0.2106749415397644 203.3840789794922 150.44940185546875 254.65036010742188 200.7225341796875
3.jpg 0.20325741171836853 43.840572357177734 3.4733242988586426 89.71846008300781 49.93709182739258
9.jpg 0.2462550550699234 146.04110717773438 3.717686891555786 196.04356384277344 52.70270538330078
9.jpg 0.21916179358959198 89.43025970458984 238.8738555908203 141.04794311523438 290.62017822265625
9.jpg 0.21914348006248474 108.2605209350586 234.28445434570312 160.7161102294922 285.6949462890625
9.jpg 0.20504707098007202 11.906770706176758 11.15236759185791 64.04195404052734 62.822486877441406
6.jpg 0.27190348505973816 145.2825164794922 90.90560913085938 194.526611328125 141.6041259765625
