4.jpg 0.20064182579517365 70.45269012451172 238.17770385742188 129.88494873046875 295.9425048828125
6.jpg 0.6874683499336243 160.9983673095703 102.42842102050781 207.76028442382812 145.57443237304688
0.jpg 0.15640194714069366 59.98183822631836 199.23101806640625 113.1207275390625 254.47561645507812
2.jpg 0.19223910570144653 89.27021789550781 94.45928192138672 132.094482421875 140.74061584472656
7.jpg 0.1828179806470871 96.39595794677734 96.89562225341797 141.2265167236328 141.39279174804688
5.jpg 0.2663055658340454 90.8282699584961 98.4082260131836 136.94944763183594 142.02635192871094
5.jpg 0.16359741985797882 198.4807891845703 60.718719482421875 300.0 300.0
8.jpg 0.17234227061271667 65.6587142944336 226.74098205566406 119.50987243652344 278.99560546875
9.jpg 0.31119096279144287 164.58966064453125 158.1265869140625 203.1299285888672 197.98318481445312
9.jpg 0.18585176765918732 96.4397201538086 99.753173828125 139.734619140625 145.42269897460938
9.jpg 0.1812385767698288 177.32835388183594 145.31661987304688 219.66053771972656 188.11402893066406
6.jpg 0.6874683499336243 160.9983673095703 102.42842102050781 207.76028442382812 145.57443237304688
6.jpg 0.6874683499336243 160.9983673095703 102.42842102050781 207.76028442382812 145.57443237304688
4.jpg 0.10348984599113464 93.69679260253906 239.9500274658203 145.1288604736328 290.1537780761719
0.jpg 0.13747818768024445 140.02999877929688 220.3650665283203 193.30198669433594 273.4505310058594
5.jpg 0.10341762751340866 204.06227111816406 206.0643768310547 255.17311096191406 258.0362548828125
6.jpg 0.3386923372745514 12.729752540588379 10.335079193115234 62.834285736083984 60.9788818359375
6.jpg 0.19057312607765198 26.733545303344727 18.650970458984375 76.9671859741211 69.05760192871094
6.jpg 0.1775854229927063 152.27830505371094 92.73323822021484 203.6835479736328 143.71205139160156
7.jpg 0.2047504186630249 136.583251953125 62.085994720458984 185.49916076660156 114.02498626708984
7.jpg 0.18977731466293335 159.41368103027344 68.52310180664062 208.66253662109375 118.15760803222656
5.jpg 0.21375487744808197 183.7029266357422 185.4077911376953 233.65277099609375 235.1267852783203
5.jpg 0.19732876121997833 187.21531677246094 223.08123779296875 237.9622802734375 273.62298583984375
5.jpg 0.18613867461681366 187.044921875 202.36766052246094 237.3421630859375 251.74215698242188
5.jpg 0.1569260060787201 204.21055603027344 192.4020233154297 253.4654541015625 242.6763153076172
1.jpg 0.23927690088748932 122.51946258544922 220.3338623046875 172.0759735107422 269.85076904296875
9.jpg 0.185166135430336 232.4435272216797 144.10812377929688 283.57098388671875 194.6703338623047
9.jpg 0.1532965898513794 239.82528686523438 127.1805419921875 290.12957763671875 176.29168701171875
6.jpg 0.3386923372745514 12.729752540588379 10.335079193115234 62.834285736083984 60.9788818359375
6.jpg 0.3386923372745514 12.729752540588379 10.335079193115234 62.834285736083984 60.9788818359375
6.jpg 0.3386923372745514 12.729752540588379 10.335079193115234 62.834285736083984 60.9788818359375
7.jpg 0.2047504186630249 136.583251953125 62.085994720458984 185.49916076660156 114.02498626708984
5.jpg 0.21375487744808197 183.7029266357422 185.4077911376953 233.65277099609375 235.1267852783203
1.jpg 0.23927690088748932 122.51946258544922 220.3338623046875 172.0759735107422 269.85076904296875
2.jpg 0.2394314408302307 125.28368377685547 124.09906005859375 173.89076232910156 174.82745361328125
2.jpg 0.20183736085891724 112.33692169189453 111.60899353027344 162.58607482910156 161.6532440185547
0.jpg 0.13747818768024445 140.02999877929688 220.3650665283203 193.30198669433594 273.4505310058594
4.jpg 0.19445443153381348 124.70726776123047 237.39334106445312 175.06515502929688 287.4529724121094
4.jpg 0.12049068510532379 180.9556884765625 247.8837890625 229.65992736816406 296.150146484375
6.jpg 0.2541142702102661 158.43203735351562 241.87271118164062 208.5095672607422 292.2127685546875
6.jpg 0.1528574675321579 173.85215759277344 174.7281951904297 219.4364776611328 220.20751953125
6.jpg 0.13540004193782806 133.55126953125 222.61972045898438 185.5977020263672 273.4986877441406
6.jpg 0.12672998011112213 75.00437927246094 182.15618896484375 123.4725570678711 229.90142822265625
0.jpg 0.1532304733991623 96.87096405029297 218.97674560546875 148.052001953125 270.24383544921875
0.jpg 0.12629352509975433 63.94605255126953 183.27615356445312 114.80500793457031 235.4241485595703
2.jpg 0.15562880039215088 153.19020080566406 224.03211975097656 201.9977569580078 272.7542419433594
2.jpg 0.15215113759040833 160.87782287597656 237.51463317871094 210.93260192871094 287.8761901855469
2.jpg 0.1454659104347229 124.11482238769531 121.50261688232422 174.59994506835938 171.94241333007812
2.jpg 0.12236149609088898 47.2530632019043 137.3734893798828 96.01898956298828 185.61920166015625
5.jpg 0.19352641701698303 207.08316040039062 79.92877960205078 254.09413146972656 126.9646987915039
5.jpg 0.17022283375263214 88.53349304199219 156.34349060058594 139.8915557861328 207.21241760253906
3.jpg 0.15947848558425903 185.99559020996094 24.873947143554688 238.5603790283203 75.71350860595703
3.jpg 0.14031845331192017 3.8615317344665527 246.68014526367188 54.62465286254883 297.6258850097656
1.jpg 0.1246890127658844 139.3061981201172 221.3169708251953 189.91165161132812 273.34332275390625
8.jpg 0.36310282349586487 55.27492904663086 63.26854705810547 104.92274475097656 112.56002044677734
8.jpg 0.16056160628795624 124.6500473022461 186.7735137939453 176.35385131835938 237.40611267089844
9.jpg 0.15007828176021576 245.95843505859375 70.72146606445312 295.71539306640625 120.66537475585938
9.jpg 0.14040274918079376 236.87460327148438 172.29708862304688 286.5822448730469 221.56048583984375
6.jpg 0.2541142702102661 158.43203735351562 241.87271118164062 208.5095672607422 292.2127685546875
8.jpg 0.36310282349586487 55.27492904663086 63.26854705810547 104.92274475097656 112.56002044677734
6.jpg 0.2541142702102661 158.43203735351562 241.87271118164062 208.5095672607422 292.2127685546875
8.jpg 0.36310282349586487 55.27492904663086 63.26854705810547 104.92274475097656 112.56002044677734
8.jpg 0.36310282349586487 55.27492904663086 63.26854705810547 104.92274475097656 112.56002044677734
8.jpg 0.36310282349586487 55.27492904663086 63.26854705810547 104.92274475097656 112.56002044677734
