4.jpg 0.15406399965286255 94.83121490478516 143.06375122070312 300.0 300.0
6.jpg 0.15797971189022064 95.88880920410156 140.542236328125 300.0 300.0
0.jpg 0.1511136144399643 95.162841796875 143.10006713867188 300.0 300.0
2.jpg 0.16232368350028992 97.49798583984375 143.6950225830078 300.0 300.0
5.jpg 0.1592414379119873 95.7095718383789 143.4981689453125 300.0 300.0
3.jpg 0.16078642010688782 93.87540435791016 141.6402587890625 300.0 300.0
1.jpg 0.1571006327867508 93.03793334960938 142.71737670898438 300.0 300.0
8.jpg 0.16060669720172882 96.84158325195312 141.0159912109375 300.0 300.0
9.jpg 0.15463276207447052 94.9421157836914 141.89047241210938 300.0 300.0
4.jpg 0.42495861649513245 201.3942413330078 261.36328125 234.02337646484375 290.32659912109375
4.jpg 0.36523640155792236 262.517333984375 249.11245727539062 300.0 287.76995849609375
4.jpg 0.29241225123405457 223.7638702392578 72.04562377929688 261.1075134277344 110.72244262695312
4.jpg 0.275459885597229 159.81118774414062 79.5882568359375 191.72499084472656 108.10618591308594
4.jpg 0.26500141620635986 153.43287658691406 92.97834777832031 194.3112335205078 131.7340545654297
4.jpg 0.2537028193473816 223.8943634033203 270.23968505859375 266.935546875 300.0
4.jpg 0.2283344715833664 67.33248138427734 254.46670532226562 103.50469970703125 289.39404296875
4.jpg 0.2140337973833084 208.45208740234375 91.93567657470703 250.033447265625 119.5715103149414
4.jpg 0.20963147282600403 225.02932739257812 244.9708709716797 262.82537841796875 283.9400329589844
4.jpg 0.20371152460575104 277.3058776855469 234.07090759277344 300.0 279.69757080078125
4.jpg 0.2020564079284668 37.46001434326172 203.2724609375 73.06354522705078 242.7284698486328
4.jpg 0.20145142078399658 37.55617141723633 187.46937561035156 73.04156494140625 226.96810913085938
4.jpg 0.2014428675174713 37.557926177978516 61.154232025146484 73.04177856445312 100.65000915527344
4.jpg 0.2014428675174713 37.557926177978516 76.94371032714844 73.04177856445312 116.43948364257812
4.jpg 0.2014428675174713 37.557926177978516 92.73318481445312 73.04177856445312 132.2289581298828
4.jpg 0.2014428675174713 37.557926177978516 108.52265930175781 73.04177856445312 148.0184326171875
4.jpg 0.2014428675174713 37.557926177978516 124.31212615966797 73.04177856445312 163.8079071044922
4.jpg 0.2014428675174713 37.557926177978516 140.1016082763672 73.04177856445312 179.59739685058594
4.jpg 0.2014428675174713 37.557926177978516 155.89108276367188 73.04177856445312 195.38685607910156
4.jpg 0.2014428675174713 37.557926177978516 171.6805419921875 73.04177856445312 211.17633056640625
4.jpg 0.20115284621715546 37.54560470581055 45.349037170410156 73.04817962646484 84.84611511230469
4.jpg 0.20040157437324524 36.116275787353516 232.7762908935547 75.31729888916016 273.74932861328125
4.jpg 0.19456365704536438 36.99203872680664 219.45347595214844 73.30550384521484 258.4737548828125
4.jpg 0.1944006234407425 104.16297149658203 260.2308044433594 139.14328002929688 297.4253234863281
4.jpg 0.19231919944286346 135.7179718017578 260.20904541015625 170.64930725097656 297.3995361328125
4.jpg 0.19103208184242249 186.4506378173828 252.4436798095703 233.93231201171875 300.0
4.jpg 0.18914425373077393 151.65228271484375 104.9921875 183.67355346679688 142.8148193359375
4.jpg 0.18348607420921326 228.70144653320312 150.75184631347656 264.3917541503906 187.81588745117188
4.jpg 0.1825963258743286 239.5427703857422 241.3789520263672 300.0 294.5338134765625
4.jpg 0.18250128626823425 230.00128173828125 59.5326042175293 262.3153991699219 97.02446746826172
4.jpg 0.18243125081062317 209.07130432128906 240.5121612548828 244.76502990722656 279.34124755859375
4.jpg 0.1805587112903595 203.8770751953125 247.28228759765625 252.00823974609375 300.0
4.jpg 0.17778922617435455 228.8600616455078 166.73773193359375 263.9898681640625 203.86984252929688
4.jpg 0.1775568127632141 228.86129760742188 182.5369110107422 263.98724365234375 219.66305541992188
4.jpg 0.1775500476360321 228.86105346679688 198.32583618164062 263.9878845214844 235.453125
4.jpg 0.17715109884738922 228.8444061279297 214.12281799316406 264.054443359375 251.2824249267578
4.jpg 0.17709878087043762 141.72007751464844 191.8150177001953 195.3783416748047 254.88232421875
4.jpg 0.17537128925323486 37.12289047241211 29.09596824645996 72.77638244628906 68.8517074584961
4.jpg 0.17476056516170502 166.47744750976562 260.1015625 202.1002960205078 297.3253479003906
4.jpg 0.17445175349712372 165.09552001953125 63.72114181518555 193.79977416992188 91.10352325439453
4.jpg 0.17403897643089294 41.99905776977539 260.598388671875 77.36520385742188 297.629150390625
4.jpg 0.17095522582530975 230.57579040527344 44.07781982421875 263.6143493652344 77.83870697021484
4.jpg 0.17050603032112122 83.40013885498047 261.89154052734375 120.108154296875 298.51904296875
4.jpg 0.17014136910438538 230.01312255859375 232.0332489013672 265.01513671875 264.04205322265625
4.jpg 0.16928555071353912 227.15463256835938 87.3418960571289 263.08172607421875 127.7640380859375
4.jpg 0.16917651891708374 183.06959533691406 104.69464111328125 210.0077362060547 137.369384765625
4.jpg 0.16831280291080475 9.63803482055664 9.378804206848145 300.0 71.85460662841797
4.jpg 0.16736799478530884 221.268798828125 104.81880950927734 252.87916564941406 138.09994506835938
4.jpg 0.1659960299730301 101.82567596435547 0.0 160.21957397460938 31.293224334716797
4.jpg 0.15802019834518433 64.04823303222656 236.44537353515625 104.5322494506836 274.5373229980469
6.jpg 0.5502676367759705 74.2021484375 251.8169403076172 112.14478302001953 289.35308837890625
6.jpg 0.5457152128219604 106.62782287597656 252.84506225585938 140.5751495361328 285.193603515625
6.jpg 0.4533030092716217 38.52573013305664 251.1597137451172 78.39437103271484 290.15081787109375
6.jpg 0.45206218957901 242.9734344482422 87.60295104980469 294.048828125 131.30502319335938
6.jpg 0.4151327908039093 31.153553009033203 184.56973266601562 72.14842224121094 221.26486206054688
6.jpg 0.4055136740207672 41.14863586425781 176.46372985839844 82.51484680175781 210.79385375976562
6.jpg 0.35221540927886963 172.7963409423828 39.24043273925781 205.67926025390625 69.50820922851562
6.jpg 0.35185346007347107 35.244850158691406 276.3515625 78.88330078125 300.0
6.jpg 0.3191501498222351 200.50453186035156 103.13311767578125 244.27951049804688 136.47021484375
6.jpg 0.307831346988678 203.6359405517578 124.62850952148438 235.6173095703125 149.88491821289062
6.jpg 0.27825766801834106 160.0321807861328 64.43696594238281 212.9061737060547 115.11658477783203
6.jpg 0.2597055733203888 62.1934814453125 272.86480712890625 107.57514953613281 300.0
6.jpg 0.25651416182518005 138.0921173095703 234.1127166748047 176.69253540039062 277.38067626953125
6.jpg 0.25571209192276 227.5874481201172 33.4913215637207 258.0204772949219 70.00890350341797
6.jpg 0.25467273592948914 185.84312438964844 15.609368324279785 226.6439208984375 59.636260986328125
6.jpg 0.23663745820522308 42.79111862182617 154.7035369873047 77.56817626953125 200.09503173828125
6.jpg 0.22976231575012207 44.48666763305664 191.30606079101562 76.77540588378906 230.42771911621094
6.jpg 0.21050359308719635 65.90666198730469 175.18702697753906 96.95494842529297 219.5232391357422
6.jpg 0.20963147282600403 225.02932739257812 244.9708709716797 262.82537841796875 283.9400329589844
6.jpg 0.20638932287693024 195.42446899414062 116.93412017822266 245.45208740234375 145.19325256347656
6.jpg 0.20627465844154358 214.0127410888672 116.25971221923828 239.5347442626953 155.16990661621094
6.jpg 0.2042074203491211 196.28274536132812 260.03961181640625 233.5691375732422 296.05584716796875
6.jpg 0.20177271962165833 37.54701614379883 76.9357681274414 73.04620361328125 116.43283081054688
6.jpg 0.2014114111661911 37.55839538574219 61.1539192199707 73.04183959960938 100.6506118774414
6.jpg 0.20108886063098907 37.54718780517578 45.34862518310547 73.04904174804688 84.84691619873047
6.jpg 0.2001514434814453 164.12625122070312 20.90218162536621 201.16233825683594 54.021305084228516
6.jpg 0.1999935805797577 36.770263671875 172.86865234375 63.56072235107422 214.64727783203125
6.jpg 0.19797742366790771 37.402130126953125 92.75361633300781 72.82382202148438 132.2510223388672
6.jpg 0.1943967044353485 277.847412109375 252.33567810058594 300.0 289.53094482421875
6.jpg 0.1943967044353485 9.426359176635742 260.23040771484375 44.40626907348633 297.4256896972656
6.jpg 0.1943964958190918 246.2675018310547 252.3347625732422 281.250732421875 289.5330505371094
6.jpg 0.19369050860404968 107.26326751708984 173.67373657226562 140.5279998779297 211.2113494873047
6.jpg 0.19231919944286346 135.7179718017578 260.20904541015625 170.64930725097656 297.3995361328125
6.jpg 0.18722586333751678 214.7923583984375 252.4762420654297 249.78884887695312 289.5450134277344
6.jpg 0.1865236759185791 220.6550750732422 266.537109375 263.8947448730469 300.0
6.jpg 0.1854114532470703 209.8867645263672 88.24957275390625 240.70127868652344 114.57272338867188
6.jpg 0.18060679733753204 192.26539611816406 244.97857666015625 232.98947143554688 284.2552795410156
6.jpg 0.17809255421161652 143.54656982421875 64.62982177734375 192.3346710205078 109.88664245605469
6.jpg 0.17765720188617706 184.2378387451172 252.22109985351562 219.84552001953125 289.9850158691406
6.jpg 0.1775568127632141 228.86129760742188 72.01058959960938 263.98724365234375 109.13672637939453
6.jpg 0.1775568127632141 228.86129760742188 87.80005645751953 263.98724365234375 124.92619323730469
6.jpg 0.1775568127632141 228.86129760742188 103.58953857421875 263.98724365234375 140.7156524658203
6.jpg 0.1775568127632141 228.86129760742188 119.3790054321289 263.98724365234375 156.50514221191406
6.jpg 0.1775568127632141 228.86129760742188 135.16848754882812 263.98724365234375 172.2946319580078
6.jpg 0.1775568127632141 228.86129760742188 150.9579620361328 263.98724365234375 188.08409118652344
6.jpg 0.1775568127632141 228.86129760742188 166.74745178222656 263.98724365234375 203.8735809326172
6.jpg 0.1775568127632141 228.86129760742188 182.5369110107422 263.98724365234375 219.66305541992188
6.jpg 0.1775500476360321 228.86105346679688 198.32583618164062 263.9878845214844 235.453125
6.jpg 0.17720194160938263 228.85955810546875 56.218990325927734 263.9986267089844 93.35494995117188
6.jpg 0.17715109884738922 228.8444061279297 214.12281799316406 264.054443359375 251.2824249267578
6.jpg 0.17533117532730103 37.1253662109375 29.09478759765625 72.77694702148438 68.8520278930664
6.jpg 0.17476056516170502 166.47744750976562 260.1015625 202.1002960205078 297.3253479003906
6.jpg 0.1712270975112915 0.0 261.87811279296875 25.36540985107422 298.57122802734375
6.jpg 0.1712270975112915 51.78649139404297 261.87811279296875 88.52330780029297 298.57122802734375
6.jpg 0.1712270975112915 83.36544036865234 261.87811279296875 120.10224914550781 298.57122802734375
6.jpg 0.1712188869714737 114.94325256347656 261.87872314453125 151.68113708496094 298.57110595703125
6.jpg 0.17014136910438538 230.01312255859375 232.0332489013672 265.01513671875 264.04205322265625
6.jpg 0.15889772772789001 184.9319610595703 80.61741638183594 209.6565704345703 121.61723327636719
6.jpg 0.155901700258255 37.169036865234375 108.92147827148438 73.45076751708984 148.6177978515625
6.jpg 0.15433286130428314 46.686180114746094 239.86215209960938 94.67196655273438 293.1863708496094
6.jpg 0.1524270474910736 8.676642417907715 9.352607727050781 300.0 71.1944351196289
6.jpg 0.15155643224716187 224.7386474609375 45.58338928222656 266.2574157714844 78.18355560302734
0.jpg 0.4080126881599426 185.8015899658203 234.0272674560547 216.3509521484375 266.2688293457031
0.jpg 0.3598541021347046 149.9506072998047 216.37191772460938 177.8931427001953 245.19004821777344
0.jpg 0.3242137134075165 198.5172882080078 226.73069763183594 235.9921112060547 256.2078857421875
0.jpg 0.2606141269207001 218.77554321289062 204.0314483642578 244.74815368652344 243.62850952148438
0.jpg 0.22724506258964539 138.04635620117188 240.90292358398438 171.0701446533203 271.4027404785156
0.jpg 0.20481500029563904 225.7082061767578 217.53355407714844 262.88665771484375 251.42845153808594
0.jpg 0.20159193873405457 37.56328201293945 140.09921264648438 73.039306640625 179.59896850585938
0.jpg 0.2014428675174713 37.557926177978516 61.154232025146484 73.04177856445312 100.65000915527344
0.jpg 0.2014428675174713 37.557926177978516 76.94371032714844 73.04177856445312 116.43948364257812
0.jpg 0.2014428675174713 37.557926177978516 92.73318481445312 73.04177856445312 132.2289581298828
0.jpg 0.2014428675174713 37.557926177978516 108.52265930175781 73.04177856445312 148.0184326171875
0.jpg 0.20141185820102692 37.55836486816406 124.3114013671875 73.04198455810547 163.80772399902344
0.jpg 0.20115284621715546 37.54560470581055 45.349037170410156 73.04817962646484 84.84611511230469
0.jpg 0.2009454071521759 68.57232666015625 254.37847900390625 104.64685821533203 289.3133239746094
0.jpg 0.2004776895046234 37.57427978515625 155.8452911376953 73.03175354003906 195.3996124267578
0.jpg 0.19725126028060913 226.9749755859375 263.3379211425781 259.9118347167969 298.17120361328125
0.jpg 0.19403515756130219 230.10997009277344 185.4070587158203 263.5386657714844 218.94610595703125
0.jpg 0.192482128739357 85.70140075683594 264.1494445800781 120.28724670410156 297.4951477050781
0.jpg 0.19122835993766785 227.9369354248047 200.08131408691406 263.61566162109375 236.6185760498047
0.jpg 0.1912110447883606 37.741031646728516 171.51634216308594 73.04387664794922 211.1736297607422
0.jpg 0.18987992405891418 278.1447448730469 252.50401306152344 300.0 289.71807861328125
0.jpg 0.1869799792766571 100.8794174194336 212.62582397460938 143.13571166992188 254.32098388671875
0.jpg 0.18170833587646484 246.74508666992188 252.10992431640625 281.1527404785156 289.5746765136719
0.jpg 0.18163585662841797 9.225510597229004 260.0807189941406 44.528316497802734 297.2142639160156
0.jpg 0.178228497505188 228.8325958251953 135.17318725585938 263.957275390625 172.29736328125
0.jpg 0.17756009101867676 228.8611602783203 119.37908172607422 263.98712158203125 156.50521850585938
0.jpg 0.1775568127632141 228.86129760742188 72.01058959960938 263.98724365234375 109.13672637939453
0.jpg 0.1775568127632141 228.86129760742188 87.80005645751953 263.98724365234375 124.92619323730469
0.jpg 0.1775568127632141 228.86129760742188 103.58953857421875 263.98724365234375 140.7156524658203
0.jpg 0.17720194160938263 228.85955810546875 56.218990325927734 263.9986267089844 93.35494995117188
0.jpg 0.17537128925323486 37.12289047241211 29.09596824645996 72.77638244628906 68.8517074584961
0.jpg 0.1746649444103241 230.09397888183594 168.9003143310547 264.40185546875 201.0645751953125
0.jpg 0.17231740057468414 229.90504455566406 42.75791549682617 264.414306640625 74.11548614501953
0.jpg 0.17221543192863464 229.97317504882812 153.35028076171875 264.8168640136719 184.94776916503906
0.jpg 0.16944657266139984 21.637863159179688 7.710237979888916 300.0 72.45448303222656
0.jpg 0.16816703975200653 38.250362396240234 187.08895874023438 73.18867492675781 226.8716278076172
0.jpg 0.16464842855930328 214.458251953125 251.3157501220703 249.5604705810547 288.8562927246094
0.jpg 0.16452553868293762 36.227718353271484 232.336181640625 74.68114471435547 273.9720458984375
0.jpg 0.1634119302034378 100.3810806274414 256.8275146484375 136.6664276123047 289.7295837402344
0.jpg 0.16122907400131226 39.83082962036133 259.592529296875 75.90892028808594 296.62933349609375
0.jpg 0.1596585065126419 53.040130615234375 263.2657470703125 88.2151107788086 297.660400390625
0.jpg 0.1581115424633026 122.90142059326172 250.99734497070312 157.39906311035156 285.3778991699219
0.jpg 0.15449225902557373 38.385223388671875 202.79693603515625 73.1667251586914 242.6403045654297
0.jpg 0.15394550561904907 165.88124084472656 64.46255493164062 231.09707641601562 108.59834289550781
0.jpg 0.15288235247135162 0.0 261.2706604003906 23.14072036743164 297.2522277832031
0.jpg 0.15240858495235443 138.32110595703125 220.15126037597656 169.60317993164062 256.35089111328125
2.jpg 0.4188028573989868 153.71315002441406 212.39825439453125 184.1542510986328 245.31167602539062
2.jpg 0.29674479365348816 68.3322525024414 62.50450134277344 127.99468231201172 113.55474853515625
2.jpg 0.26299455761909485 93.12857055664062 233.19436645507812 124.61602020263672 262.5617370605469
2.jpg 0.22832272946834564 67.34430694580078 254.46630859375 103.49767303466797 289.3926086425781
2.jpg 0.20872198045253754 192.46914672851562 200.11012268066406 226.9623260498047 232.36697387695312
2.jpg 0.2020564079284668 37.46001434326172 203.27247619628906 73.06354522705078 242.72848510742188
2.jpg 0.2014513462781906 37.55617141723633 187.46937561035156 73.04156494140625 226.96810913085938
2.jpg 0.2014428675174713 37.557926177978516 61.154232025146484 73.04177856445312 100.65000915527344
2.jpg 0.2014428675174713 37.557926177978516 76.94371032714844 73.04177856445312 116.43948364257812
2.jpg 0.2014428675174713 37.557926177978516 92.73318481445312 73.04177856445312 132.2289581298828
2.jpg 0.2014428675174713 37.557926177978516 108.52265930175781 73.04177856445312 148.0184326171875
2.jpg 0.2014428675174713 37.557926177978516 124.31212615966797 73.04177856445312 163.8079071044922
2.jpg 0.2014428675174713 37.557926177978516 140.1016082763672 73.04177856445312 179.59739685058594
2.jpg 0.2014428675174713 37.557926177978516 155.89108276367188 73.04177856445312 195.38685607910156
2.jpg 0.2014428675174713 37.557926177978516 171.6805419921875 73.04177856445312 211.17633056640625
2.jpg 0.20115284621715546 37.54560470581055 45.349037170410156 73.04817962646484 84.84611511230469
2.jpg 0.20040152966976166 36.11627960205078 232.7762908935547 75.31729125976562 273.74932861328125
2.jpg 0.2002137154340744 220.9744110107422 254.9122772216797 263.310546875 295.6882629394531
2.jpg 0.19488154351711273 187.56808471679688 211.5107879638672 224.04835510253906 246.6818084716797
2.jpg 0.1945635825395584 36.99203872680664 219.45347595214844 73.30550384521484 258.4737548828125
2.jpg 0.1943967044353485 151.53163146972656 252.33567810058594 186.51153564453125 289.53094482421875
2.jpg 0.1943967044353485 183.11058044433594 252.33567810058594 218.09048461914062 289.53094482421875
2.jpg 0.19437742233276367 246.26812744140625 252.3357391357422 281.2473449707031 289.5303649902344
2.jpg 0.19387517869472504 119.95439147949219 252.33265686035156 154.94935607910156 289.5474853515625
2.jpg 0.19375541806221008 277.8575744628906 252.30447387695312 300.0 289.5065002441406
2.jpg 0.19305945932865143 196.631591796875 259.7389221191406 232.49874877929688 296.31268310546875
2.jpg 0.1883719116449356 9.471440315246582 259.9657897949219 44.5100212097168 297.37579345703125
2.jpg 0.17942610383033752 41.16727828979492 259.5155334472656 75.80406951904297 297.1992492675781
2.jpg 0.17941151559352875 88.6247329711914 252.4574737548828 123.61058044433594 289.5539245605469
2.jpg 0.1791556477546692 228.97857666015625 151.10693359375 263.7651672363281 188.03172302246094
2.jpg 0.17802444100379944 228.81214904785156 135.24671936035156 263.906494140625 172.27357482910156
2.jpg 0.1777227222919464 228.85386657714844 119.38433837890625 263.98126220703125 156.50286865234375
2.jpg 0.1775568723678589 228.86129760742188 103.58953094482422 263.98724365234375 140.71566772460938
2.jpg 0.1775568127632141 228.86129760742188 72.01058959960938 263.98724365234375 109.13672637939453
2.jpg 0.1775568127632141 228.86129760742188 87.80005645751953 263.98724365234375 124.92619323730469
2.jpg 0.17720194160938263 228.85955810546875 56.218990325927734 263.9986267089844 93.35494995117188
2.jpg 0.17537128925323486 37.12289047241211 29.09596824645996 72.77638244628906 68.8517074584961
2.jpg 0.17231740057468414 229.90504455566406 42.75791549682617 264.414306640625 74.11548614501953
2.jpg 0.17212150990962982 0.0 261.88653564453125 25.351823806762695 298.5899658203125
2.jpg 0.17117388546466827 229.83648681640625 230.84263610839844 264.7828369140625 264.29376220703125
2.jpg 0.1644117683172226 21.586864471435547 8.35301399230957 300.0 72.98188018798828
2.jpg 0.16225844621658325 229.7248077392578 169.0533447265625 264.5777587890625 201.19256591796875
2.jpg 0.16001105308532715 229.96905517578125 249.03981018066406 262.9845275878906 279.87408447265625
2.jpg 0.15849143266677856 64.02796936035156 236.4444122314453 104.52925109863281 274.5412292480469
2.jpg 0.15373899042606354 190.86126708984375 182.62628173828125 227.92764282226562 216.60496520996094
2.jpg 0.15286512672901154 229.60643005371094 184.4595184326172 264.4782409667969 217.4475860595703
2.jpg 0.15282535552978516 204.02066040039062 244.96299743652344 251.339111328125 290.3368835449219
7.jpg 0.6401407718658447 125.93101501464844 35.44187927246094 164.08474731445312 61.03601837158203
7.jpg 0.31601181626319885 151.34332275390625 57.77495193481445 200.58700561523438 109.90153503417969
7.jpg 0.3080027997493744 26.7332763671875 223.26644897460938 64.99266052246094 264.9098815917969
7.jpg 0.2769825756549835 127.04842376708984 52.04279327392578 157.94357299804688 80.80782318115234
7.jpg 0.26406410336494446 164.347900390625 141.00216674804688 194.5512237548828 172.3916015625
7.jpg 0.2544434070587158 260.0930480957031 256.5855407714844 296.1709289550781 286.188720703125
7.jpg 0.22979557514190674 223.54757690429688 26.1939640045166 258.31072998046875 60.11245346069336
7.jpg 0.22832272946834564 67.34430694580078 254.46630859375 103.49767303466797 289.3926086425781
7.jpg 0.22398129105567932 165.5030059814453 64.2006607055664 225.9948272705078 109.77964782714844
7.jpg 0.21805453300476074 131.42738342285156 55.485923767089844 180.12896728515625 107.04047393798828
7.jpg 0.21553054451942444 229.4671173095703 253.7036895751953 263.9955749511719 288.1236572265625
7.jpg 0.2042074203491211 196.28274536132812 260.03961181640625 233.5691375732422 296.05584716796875
7.jpg 0.2020564079284668 37.46001434326172 203.27247619628906 73.06354522705078 242.72848510742188
7.jpg 0.2014513462781906 37.55617141723633 187.46937561035156 73.04156494140625 226.96810913085938
7.jpg 0.2014428675174713 37.557926177978516 61.154232025146484 73.04177856445312 100.65000915527344
7.jpg 0.2014428675174713 37.557926177978516 76.94371032714844 73.04177856445312 116.43948364257812
7.jpg 0.2014428675174713 37.557926177978516 92.73318481445312 73.04177856445312 132.2289581298828
7.jpg 0.2014428675174713 37.557926177978516 108.52265930175781 73.04177856445312 148.0184326171875
7.jpg 0.2014428675174713 37.557926177978516 124.31212615966797 73.04177856445312 163.8079071044922
7.jpg 0.2014428675174713 37.557926177978516 140.1016082763672 73.04177856445312 179.59739685058594
7.jpg 0.2014428675174713 37.557926177978516 155.89108276367188 73.04177856445312 195.38685607910156
7.jpg 0.2014428675174713 37.557926177978516 171.6805419921875 73.04177856445312 211.17633056640625
7.jpg 0.20115284621715546 37.54560470581055 45.349037170410156 73.04817962646484 84.84611511230469
7.jpg 0.20040152966976166 36.11627960205078 232.7762908935547 75.31729125976562 273.74932861328125
7.jpg 0.1944107562303543 174.15589904785156 40.450592041015625 206.3448486328125 75.81582641601562
7.jpg 0.19309180974960327 119.94109344482422 252.3247528076172 154.91920471191406 289.52252197265625
7.jpg 0.19227047264575958 135.71617126464844 260.211669921875 170.6534423828125 297.40179443359375
7.jpg 0.190840482711792 222.66455078125 154.84494018554688 255.0248565673828 186.46969604492188
7.jpg 0.18863128125667572 104.46424865722656 260.397216796875 139.31524658203125 297.4718017578125
7.jpg 0.18764391541481018 0.0 262.92901611328125 25.823835372924805 300.0
7.jpg 0.18746866285800934 269.1189880371094 225.45782470703125 300.0 262.1884765625
7.jpg 0.1865236759185791 220.6550750732422 266.537109375 263.8947448730469 300.0
7.jpg 0.18149058520793915 228.75015258789062 213.92849731445312 264.37896728515625 251.20680236816406
7.jpg 0.18060679733753204 192.26539611816406 244.97857666015625 232.98947143554688 284.2552795410156
7.jpg 0.17941007018089294 88.62471771240234 252.45745849609375 123.61052703857422 289.55389404296875
7.jpg 0.17602476477622986 187.26480102539062 36.63042449951172 215.77557373046875 74.22200012207031
7.jpg 0.17549410462379456 150.88818359375 252.1787567138672 186.72003173828125 289.2381286621094
7.jpg 0.17537128925323486 37.12289047241211 29.09596824645996 72.77638244628906 68.8517074584961
7.jpg 0.17476056516170502 166.47744750976562 260.1015625 202.1002960205078 297.3253479003906
7.jpg 0.1744876354932785 18.018840789794922 245.86289978027344 56.62666320800781 281.4967956542969
7.jpg 0.17011277377605438 230.0137939453125 232.03697204589844 265.017333984375 264.04534912109375
7.jpg 0.16733020544052124 229.65341186523438 74.18928527832031 264.816162109375 105.5550537109375
7.jpg 0.1614702045917511 0.0 245.2968292236328 27.59580421447754 283.71405029296875
7.jpg 0.15907850861549377 39.58472442626953 259.37188720703125 77.58080291748047 297.1138000488281
7.jpg 0.15849143266677856 64.02796936035156 236.4444122314453 104.52925109863281 274.5412292480469
7.jpg 0.15598486363887787 153.2370147705078 35.19976043701172 198.7115478515625 67.64398193359375
7.jpg 0.15485283732414246 151.54629516601562 44.80229568481445 184.83428955078125 78.6403579711914
7.jpg 0.15407036244869232 227.7914276123047 58.17798614501953 264.89971923828125 89.06895446777344
7.jpg 0.15375050902366638 180.89047241210938 251.7128143310547 217.76797485351562 288.3482666015625
7.jpg 0.15136364102363586 20.514179229736328 261.61737060546875 58.31977081298828 298.96868896484375
5.jpg 0.5503684878349304 178.80718994140625 229.14744567871094 208.14605712890625 260.560302734375
5.jpg 0.5426719784736633 124.93331146240234 238.0544891357422 156.60231018066406 267.6192932128906
5.jpg 0.4762766659259796 128.46295166015625 219.6993865966797 164.4143524169922 256.2422180175781
5.jpg 0.46491461992263794 133.02662658691406 227.53953552246094 171.39913940429688 278.56585693359375
5.jpg 0.4490540325641632 251.35011291503906 100.2719955444336 291.6138916015625 141.15414428710938
5.jpg 0.41607582569122314 119.89186096191406 247.39773559570312 154.40277099609375 278.13446044921875
5.jpg 0.39611226320266724 192.87356567382812 97.11709594726562 232.1871795654297 130.6649169921875
5.jpg 0.313195139169693 165.25103759765625 83.95454406738281 213.85963439941406 138.76416015625
5.jpg 0.2945280075073242 185.18768310546875 108.34398651123047 226.9397430419922 141.53041076660156
5.jpg 0.2800414264202118 226.9712677001953 214.87945556640625 263.25006103515625 249.90798950195312
5.jpg 0.27444320917129517 159.17190551757812 233.3289031982422 192.62240600585938 269.6971130371094
5.jpg 0.2538246214389801 243.7061767578125 103.84400177001953 278.11053466796875 135.3628692626953
5.jpg 0.24895432591438293 223.62472534179688 198.22987365722656 263.5833435058594 237.56568908691406
5.jpg 0.24693860113620758 181.50228881835938 207.5684814453125 213.5716094970703 236.47264099121094
5.jpg 0.22832272946834564 67.34430694580078 254.46630859375 103.49767303466797 289.3926086425781
5.jpg 0.21883782744407654 66.63929748535156 64.84939575195312 128.0599365234375 112.50717163085938
5.jpg 0.2020564079284668 37.46001434326172 203.27247619628906 73.06354522705078 242.72848510742188
5.jpg 0.2014513462781906 37.55617141723633 187.46937561035156 73.04156494140625 226.96810913085938
5.jpg 0.2014428675174713 37.557926177978516 61.154232025146484 73.04177856445312 100.65000915527344
5.jpg 0.2014428675174713 37.557926177978516 76.94371032714844 73.04177856445312 116.43948364257812
5.jpg 0.2014428675174713 37.557926177978516 92.73318481445312 73.04177856445312 132.2289581298828
5.jpg 0.2014428675174713 37.557926177978516 108.52265930175781 73.04177856445312 148.0184326171875
5.jpg 0.2014428675174713 37.557926177978516 124.31212615966797 73.04177856445312 163.8079071044922
5.jpg 0.2014428675174713 37.557926177978516 140.1016082763672 73.04177856445312 179.59739685058594
5.jpg 0.2014428675174713 37.557926177978516 155.89108276367188 73.04177856445312 195.38685607910156
5.jpg 0.2014428675174713 37.557926177978516 171.6805419921875 73.04177856445312 211.17633056640625
5.jpg 0.20132288336753845 221.77574157714844 110.54021453857422 252.5579071044922 145.20960998535156
5.jpg 0.20115284621715546 37.54560470581055 45.349037170410156 73.04817962646484 84.84611511230469
5.jpg 0.20040152966976166 36.11627960205078 232.7762908935547 75.31729125976562 273.74932861328125
5.jpg 0.19864584505558014 189.8639373779297 118.22083282470703 231.66116333007812 160.48538208007812
5.jpg 0.1945635825395584 36.99203872680664 219.45347595214844 73.30550384521484 258.4737548828125
5.jpg 0.1943967044353485 151.53163146972656 252.33567810058594 186.51153564453125 289.53094482421875
5.jpg 0.1943967044353485 183.11058044433594 252.33567810058594 218.09048461914062 289.53094482421875
5.jpg 0.1943967044353485 214.6895294189453 252.33567810058594 249.66943359375 289.53094482421875
5.jpg 0.1943967044353485 246.26846313476562 252.33567810058594 281.2483825683594 289.53094482421875
5.jpg 0.19427846372127533 277.84686279296875 252.33628845214844 300.0 289.5282287597656
5.jpg 0.1922854334115982 84.28231048583984 263.9870910644531 120.59663391113281 297.581787109375
5.jpg 0.1912935972213745 228.43179321289062 248.60755920410156 264.0519714355469 278.34136962890625
5.jpg 0.18942229449748993 9.325506210327148 260.1438293457031 44.414119720458984 297.33355712890625
5.jpg 0.18649417161941528 226.21107482910156 263.173828125 260.222900390625 298.5013732910156
5.jpg 0.18454697728157043 227.36660766601562 182.98448181152344 263.90972900390625 220.92550659179688
5.jpg 0.1799556165933609 40.69369888305664 259.9041748046875 75.99608612060547 296.76239013671875
5.jpg 0.17941270768642426 104.67082214355469 237.0018310546875 149.10043334960938 286.7465515136719
5.jpg 0.17537128925323486 37.12289047241211 29.09596824645996 72.77638244628906 68.8517074584961
5.jpg 0.17407509684562683 97.93557739257812 61.54452896118164 156.54876708984375 110.67424774169922
5.jpg 0.1712498813867569 0.0 261.8798828125 25.366724014282227 298.5731506347656
5.jpg 0.17037439346313477 130.7384490966797 253.98764038085938 167.46884155273438 290.65960693359375
5.jpg 0.16866618394851685 98.99451446533203 254.2561798095703 136.0566864013672 290.33673095703125
5.jpg 0.16813409328460693 196.5166015625 259.0611572265625 234.22235107421875 295.9459533691406
5.jpg 0.16568806767463684 116.23004150390625 263.8568115234375 152.4844207763672 297.89569091796875
5.jpg 0.16217048466205597 229.03292846679688 166.22877502441406 265.1302185058594 203.59910583496094
5.jpg 0.15849143266677856 64.02796936035156 236.4444122314453 104.52925109863281 274.5412292480469
5.jpg 0.15505243837833405 77.9028549194336 244.7587127685547 124.66261291503906 290.5897521972656
5.jpg 0.15278631448745728 119.28350067138672 0.0 175.931884765625 29.69601821899414
3.jpg 0.442691832780838 231.93775939941406 0.0 269.2309875488281 23.06342124938965
3.jpg 0.3420805335044861 222.69796752929688 34.527896881103516 253.80601501464844 59.61991882324219
3.jpg 0.33487001061439514 235.45574951171875 20.70992088317871 266.21160888671875 51.156890869140625
3.jpg 0.30758434534072876 189.19308471679688 200.4254608154297 238.2583770751953 244.3181610107422
3.jpg 0.2348674237728119 187.06300354003906 17.033973693847656 231.41983032226562 48.98539733886719
3.jpg 0.23148642480373383 125.95301055908203 19.82025146484375 150.83375549316406 53.573246002197266
3.jpg 0.22832272946834564 67.34430694580078 254.46630859375 103.49767303466797 289.3926086425781
3.jpg 0.21496514976024628 223.84912109375 207.029541015625 256.6856994628906 241.1707305908203
3.jpg 0.2020564079284668 37.46001434326172 203.27247619628906 73.06354522705078 242.72848510742188
3.jpg 0.2014513462781906 37.55617141723633 187.46937561035156 73.04156494140625 226.96810913085938
3.jpg 0.2014428675174713 37.557926177978516 61.154232025146484 73.04177856445312 100.65000915527344
3.jpg 0.2014428675174713 37.557926177978516 76.94371032714844 73.04177856445312 116.43948364257812
3.jpg 0.2014428675174713 37.557926177978516 92.73318481445312 73.04177856445312 132.2289581298828
3.jpg 0.2014428675174713 37.557926177978516 108.52265930175781 73.04177856445312 148.0184326171875
3.jpg 0.2014428675174713 37.557926177978516 124.31212615966797 73.04177856445312 163.8079071044922
3.jpg 0.2014428675174713 37.557926177978516 140.1016082763672 73.04177856445312 179.59739685058594
3.jpg 0.2014428675174713 37.557926177978516 155.89108276367188 73.04177856445312 195.38685607910156
3.jpg 0.2014428675174713 37.557926177978516 171.6805419921875 73.04177856445312 211.17633056640625
3.jpg 0.20115284621715546 37.54560470581055 45.349037170410156 73.04817962646484 84.84611511230469
3.jpg 0.20040152966976166 36.11627960205078 232.7762908935547 75.31729125976562 273.74932861328125
3.jpg 0.19604027271270752 251.5824432373047 209.8385772705078 288.1537780761719 248.79591369628906
3.jpg 0.1945635825395584 36.99203872680664 219.45347595214844 73.30550384521484 258.4737548828125
3.jpg 0.1943967044353485 151.53163146972656 252.33567810058594 186.51153564453125 289.53094482421875
3.jpg 0.1943967044353485 183.11058044433594 252.33567810058594 218.09048461914062 289.53094482421875
3.jpg 0.1943967044353485 214.6895294189453 252.33567810058594 249.66943359375 289.53094482421875
3.jpg 0.1943967044353485 246.26846313476562 252.33567810058594 281.2483825683594 289.53094482421875
3.jpg 0.1943967044353485 277.847412109375 252.33567810058594 300.0 289.53094482421875
3.jpg 0.1943967044353485 9.426359176635742 260.23040771484375 44.40626907348633 297.4256896972656
3.jpg 0.1943902224302292 41.00529861450195 260.2306213378906 75.98497009277344 297.4254150390625
3.jpg 0.19387517869472504 119.95439147949219 252.33265686035156 154.94935607910156 289.5474853515625
3.jpg 0.1936606466770172 104.2135009765625 260.2201843261719 139.18475341796875 297.4255676269531
3.jpg 0.19099943339824677 235.92921447753906 190.48239135742188 281.56219482421875 228.60848999023438
3.jpg 0.18971051275730133 135.9787139892578 260.0518493652344 170.6144256591797 297.39306640625
3.jpg 0.18901604413986206 256.7569274902344 10.06286334991455 288.0908508300781 53.015201568603516
3.jpg 0.18136002123355865 192.377197265625 43.8923225402832 222.0030975341797 73.25533294677734
3.jpg 0.17941151559352875 88.6247329711914 252.4574737548828 123.61058044433594 289.5539245605469
3.jpg 0.1793666034936905 197.37216186523438 259.6206359863281 232.8911895751953 296.04083251953125
3.jpg 0.17745456099510193 228.86009216308594 103.58089447021484 263.9997863769531 140.7162322998047
3.jpg 0.17537128925323486 37.12289047241211 29.09596824645996 72.77638244628906 68.8517074584961
3.jpg 0.1740836352109909 228.70257568359375 87.54398345947266 264.296630859375 124.7941665649414
3.jpg 0.17310136556625366 166.6133270263672 201.6142120361328 204.36585998535156 236.40371704101562
3.jpg 0.17285805940628052 224.64093017578125 124.83938598632812 266.1263732910156 157.02418518066406
3.jpg 0.1712270975112915 0.0 261.87811279296875 25.36540985107422 298.57122802734375
3.jpg 0.16919663548469543 210.0426788330078 0.0 241.93092346191406 22.601558685302734
3.jpg 0.1678888499736786 0.0 8.163281440734863 23.26190185546875 38.92698287963867
3.jpg 0.16408640146255493 167.08570861816406 259.7141418457031 201.83290100097656 297.3263854980469
3.jpg 0.16227589547634125 224.53363037109375 43.02045822143555 254.96884155273438 75.155029296875
3.jpg 0.15988482534885406 82.43477630615234 261.3079528808594 115.41700744628906 296.75885009765625
3.jpg 0.15918084979057312 224.232666015625 140.95687866210938 266.57708740234375 173.74041748046875
3.jpg 0.15849143266677856 64.02796936035156 236.4444122314453 104.52925109863281 274.5412292480469
3.jpg 0.15310829877853394 195.21810913085938 29.568498611450195 236.92918395996094 69.62313842773438
3.jpg 0.1525009721517563 192.85105895996094 25.05936050415039 220.40939331054688 54.723876953125
3.jpg 0.15122371912002563 28.60223960876465 89.05355834960938 54.507564544677734 125.5774154663086
1.jpg 0.31851592659950256 230.168212890625 232.38735961914062 260.62823486328125 269.88916015625
1.jpg 0.29810354113578796 64.45550537109375 63.34596252441406 122.13082885742188 115.02765655517578
1.jpg 0.2944493889808655 226.3690185546875 72.00431823730469 263.7989807128906 107.61376953125
1.jpg 0.27677497267723083 134.12181091308594 76.95775604248047 164.06707763671875 111.72994995117188
1.jpg 0.25272345542907715 60.447208404541016 212.8072967529297 115.91332244873047 272.6051025390625
1.jpg 0.2469596564769745 33.14419937133789 110.67030334472656 79.91943359375 149.96583557128906
1.jpg 0.22832272946834564 67.34430694580078 254.46630859375 103.49767303466797 289.3926086425781
1.jpg 0.21971164643764496 190.25216674804688 89.6759033203125 223.5950164794922 123.99805450439453
1.jpg 0.2020564079284668 37.46001434326172 203.27247619628906 73.06354522705078 242.72848510742188
1.jpg 0.2014513462781906 37.55617141723633 187.46937561035156 73.04156494140625 226.96810913085938
1.jpg 0.2014428675174713 37.557926177978516 61.154232025146484 73.04177856445312 100.65000915527344
1.jpg 0.2014428675174713 37.557926177978516 76.94371032714844 73.04177856445312 116.43948364257812
1.jpg 0.2014428675174713 37.557926177978516 92.73318481445312 73.04177856445312 132.2289581298828
1.jpg 0.2014428675174713 37.557926177978516 124.31212615966797 73.04177856445312 163.8079071044922
1.jpg 0.2014428675174713 37.557926177978516 140.1016082763672 73.04177856445312 179.59739685058594
1.jpg 0.2014428675174713 37.557926177978516 155.89108276367188 73.04177856445312 195.38685607910156
1.jpg 0.2014428675174713 37.557926177978516 171.6805419921875 73.04177856445312 211.17633056640625
1.jpg 0.20115284621715546 37.54560470581055 45.349037170410156 73.04817962646484 84.84611511230469
1.jpg 0.20040152966976166 36.11627960205078 232.7762908935547 75.31729125976562 273.74932861328125
1.jpg 0.1965978592634201 228.62998962402344 59.34651184082031 263.582275390625 94.36875915527344
1.jpg 0.1945635825395584 36.99203872680664 219.45347595214844 73.30550384521484 258.4737548828125
1.jpg 0.1943967491388321 277.847412109375 252.33567810058594 300.0 289.53094482421875
1.jpg 0.1943967044353485 151.53163146972656 252.33567810058594 186.51153564453125 289.53094482421875
1.jpg 0.1943967044353485 183.11058044433594 252.33567810058594 218.09048461914062 289.53094482421875
1.jpg 0.1943967044353485 214.6895294189453 252.33567810058594 249.66943359375 289.53094482421875
1.jpg 0.1943967044353485 246.26846313476562 252.33567810058594 281.2483825683594 289.53094482421875
1.jpg 0.19428187608718872 9.42347240447998 260.2293701171875 44.40386199951172 297.4244079589844
1.jpg 0.19387517869472504 119.95439147949219 252.33265686035156 154.94935607910156 289.5474853515625
1.jpg 0.19293242692947388 12.371565818786621 113.6131820678711 55.836143493652344 146.55850219726562
1.jpg 0.1853502094745636 40.73622512817383 260.2288513183594 76.00943756103516 297.2494812011719
1.jpg 0.1849626898765564 229.24609375 105.29319763183594 265.2347412109375 137.15420532226562
1.jpg 0.18108202517032623 179.27389526367188 88.0687026977539 211.40965270996094 119.62591552734375
1.jpg 0.17941151559352875 88.6247329711914 252.4574737548828 123.61058044433594 289.5539245605469
1.jpg 0.17638809978961945 56.347389221191406 0.0 116.15076446533203 29.689239501953125
1.jpg 0.17537128925323486 37.12289047241211 29.09596824645996 72.77638244628906 68.8517074584961
1.jpg 0.1712270826101303 0.0 261.87811279296875 25.36540985107422 298.57122802734375
1.jpg 0.16340453922748566 229.94163513183594 42.845176696777344 263.7274169921875 76.09748077392578
1.jpg 0.15849143266677856 64.02796936035156 236.4444122314453 104.52925109863281 274.5412292480469
1.jpg 0.155826136469841 59.22972869873047 26.235891342163086 113.42547607421875 80.64837646484375
1.jpg 0.15294897556304932 211.23085021972656 162.71478271484375 243.93873596191406 200.00656127929688
1.jpg 0.15082749724388123 222.32501220703125 124.62741088867188 267.1054382324219 159.66700744628906
8.jpg 0.364946573972702 204.5642852783203 221.39292907714844 236.38711547851562 255.6584014892578
8.jpg 0.2720946967601776 167.77374267578125 66.08561706542969 227.0041046142578 108.75943756103516
8.jpg 0.26645323634147644 135.09384155273438 239.391357421875 169.90054321289062 272.289794921875
8.jpg 0.23132075369358063 217.3693084716797 205.251953125 246.6786651611328 246.1993408203125
8.jpg 0.22140289843082428 143.6916046142578 220.41795349121094 174.50186157226562 256.3360290527344
8.jpg 0.21429301798343658 197.45965576171875 104.65262603759766 240.66310119628906 135.2491455078125
8.jpg 0.20963147282600403 225.02932739257812 244.9708709716797 262.82537841796875 283.9400329589844
8.jpg 0.20664212107658386 68.4095458984375 254.23196411132812 106.193359375 292.1568298339844
8.jpg 0.20515181124210358 101.07015991210938 256.1083068847656 136.4720001220703 289.1623840332031
8.jpg 0.2042074203491211 196.28274536132812 260.03961181640625 233.5691375732422 296.05584716796875
8.jpg 0.20142307877540588 37.55923080444336 61.153900146484375 73.04237365722656 100.65048217773438
8.jpg 0.20141492784023285 37.559810638427734 76.94310760498047 73.04273223876953 116.44024658203125
8.jpg 0.20140618085861206 37.5592041015625 140.09988403320312 73.04220581054688 179.59730529785156
8.jpg 0.2013951539993286 37.55877685546875 124.31182098388672 73.04241943359375 163.808349609375
8.jpg 0.20139466226100922 37.55997848510742 92.73226165771484 73.04313659667969 132.22975158691406
8.jpg 0.20138084888458252 37.55955505371094 108.52218627929688 73.04314422607422 148.01922607421875
8.jpg 0.2012481987476349 37.55318832397461 155.8697052001953 73.0367660522461 195.39645385742188
8.jpg 0.2011348158121109 37.54653549194336 45.34893035888672 73.04838562011719 84.8463363647461
8.jpg 0.19825981557369232 37.65446853637695 171.6304931640625 73.02647399902344 211.1487274169922
8.jpg 0.19439689815044403 41.00526809692383 260.23046875 75.98523712158203 297.42572021484375
8.jpg 0.19335483014583588 9.466435432434082 260.2417907714844 44.404510498046875 297.4580993652344
8.jpg 0.19231919944286346 135.7179718017578 260.20904541015625 170.64930725097656 297.3995361328125
8.jpg 0.19078490138053894 278.11492919921875 252.5612335205078 300.0 289.6188049316406
8.jpg 0.1890510767698288 187.68115234375 80.69549560546875 224.49868774414062 127.3325424194336
8.jpg 0.18731123208999634 166.15933227539062 239.99505615234375 199.23143005371094 274.6257629394531
8.jpg 0.1865236759185791 220.6550750732422 266.537109375 263.8947448730469 300.0
8.jpg 0.18586227297782898 188.6917266845703 0.0 244.5128936767578 31.414962768554688
8.jpg 0.18406498432159424 246.36927795410156 252.23524475097656 281.428466796875 289.47344970703125
8.jpg 0.18318699300289154 37.964515686035156 187.27593994140625 73.08164978027344 226.89724731445312
8.jpg 0.18060679733753204 192.26539611816406 244.97857666015625 232.98947143554688 284.2552795410156
8.jpg 0.1791360080242157 162.29660034179688 101.31636810302734 201.06936645507812 138.07623291015625
8.jpg 0.1775568127632141 228.86129760742188 72.01058959960938 263.98724365234375 109.13672637939453
8.jpg 0.1775568127632141 228.86129760742188 87.80005645751953 263.98724365234375 124.92619323730469
8.jpg 0.1775568127632141 228.86129760742188 103.58953857421875 263.98724365234375 140.7156524658203
8.jpg 0.1775568127632141 228.86129760742188 119.3790054321289 263.98724365234375 156.50514221191406
8.jpg 0.1775568127632141 228.86129760742188 135.16848754882812 263.98724365234375 172.2946319580078
8.jpg 0.1775568127632141 228.86129760742188 150.9579620361328 263.98724365234375 188.08409118652344
8.jpg 0.1775568127632141 228.86129760742188 166.74745178222656 263.98724365234375 203.8735809326172
8.jpg 0.1775568127632141 228.86129760742188 182.5369110107422 263.98724365234375 219.66305541992188
8.jpg 0.1775500476360321 228.86105346679688 198.32583618164062 263.9878845214844 235.453125
8.jpg 0.17720194160938263 228.85955810546875 56.218990325927734 263.9986267089844 93.35494995117188
8.jpg 0.17715109884738922 228.8444061279297 214.12281799316406 264.054443359375 251.2824249267578
8.jpg 0.17535895109176636 37.12326431274414 29.095836639404297 72.77650451660156 68.85165405273438
8.jpg 0.17476056516170502 166.47744750976562 260.1015625 202.1002960205078 297.3253479003906
8.jpg 0.17326638102531433 36.18782043457031 232.47109985351562 74.90320587158203 274.0739440917969
8.jpg 0.17231740057468414 229.90504455566406 42.75791549682617 264.414306640625 74.11548614501953
8.jpg 0.1712270975112915 83.36544036865234 261.87811279296875 120.10224914550781 298.57122802734375
8.jpg 0.1712188869714737 114.94325256347656 261.87872314453125 151.68113708496094 298.57110595703125
8.jpg 0.17042630910873413 38.162742614746094 202.99671936035156 73.13585662841797 242.7054901123047
8.jpg 0.17014136910438538 230.01312255859375 232.0332489013672 265.01513671875 264.04205322265625
8.jpg 0.16532664000988007 260.66754150390625 88.86731719970703 296.374755859375 131.655029296875
8.jpg 0.16249120235443115 196.4384307861328 220.2106475830078 226.4455108642578 248.3717041015625
8.jpg 0.16035357117652893 171.02532958984375 113.52201080322266 200.62025451660156 147.99986267089844
8.jpg 0.15960007905960083 171.86148071289062 227.71434020996094 204.54910278320312 256.93182373046875
8.jpg 0.15915657579898834 37.45191192626953 219.2084197998047 73.16646575927734 258.6192932128906
8.jpg 0.1572323590517044 179.56080627441406 92.9403305053711 213.76214599609375 122.93883514404297
8.jpg 0.15721629559993744 19.08338165283203 8.179285049438477 300.0 72.97716522216797
8.jpg 0.15076811611652374 213.18618774414062 251.71713256835938 250.74058532714844 288.4015808105469
9.jpg 0.42737632989883423 232.7479705810547 75.31352996826172 270.23919677734375 112.65100860595703
9.jpg 0.37686967849731445 2.41021728515625 164.23268127441406 40.652008056640625 195.27935791015625
9.jpg 0.3536069691181183 164.8313446044922 81.66600799560547 218.65591430664062 123.65264129638672
9.jpg 0.3493826985359192 33.06584167480469 167.47470092773438 55.28762435913086 198.193115234375
9.jpg 0.2975303828716278 0.30348077416419983 173.13182067871094 27.788936614990234 201.2114715576172
9.jpg 0.289079874753952 147.8780975341797 82.04878997802734 189.30502319335938 125.30404663085938
9.jpg 0.26744234561920166 187.7107696533203 0.0 239.06631469726562 41.50020980834961
9.jpg 0.25345557928085327 34.09442901611328 149.82676696777344 66.45415496826172 195.76763916015625
9.jpg 0.24422602355480194 207.23915100097656 96.8694839477539 235.15789794921875 128.00759887695312
9.jpg 0.23499102890491486 126.09920501708984 88.74980163574219 170.3589324951172 125.6933822631836
9.jpg 0.22832272946834564 67.34430694580078 254.46630859375 103.49767303466797 289.3926086425781
9.jpg 0.20963147282600403 225.02932739257812 244.9708709716797 262.82537841796875 283.9400329589844
9.jpg 0.2042074203491211 196.28274536132812 260.03961181640625 233.5691375732422 296.05584716796875
9.jpg 0.2020564079284668 37.46001434326172 203.27247619628906 73.06354522705078 242.72848510742188
9.jpg 0.2014513462781906 37.55617141723633 187.46937561035156 73.04156494140625 226.96810913085938
9.jpg 0.2014385163784027 37.557865142822266 171.68040466308594 73.04176330566406 211.1763916015625
9.jpg 0.20116755366325378 37.561153411865234 140.08547973632812 73.01065826416016 179.59750366210938
9.jpg 0.20040152966976166 36.11627960205078 232.7762908935547 75.31729125976562 273.74932861328125
9.jpg 0.1996108591556549 37.57207107543945 124.2584228515625 72.95404815673828 163.82498168945312
9.jpg 0.19867673516273499 37.59752655029297 45.317474365234375 73.04783630371094 84.82235717773438
9.jpg 0.19548192620277405 37.566322326660156 108.43321990966797 72.89623260498047 148.1028594970703
9.jpg 0.1945635825395584 36.99203872680664 219.45347595214844 73.30550384521484 258.4737548828125
9.jpg 0.19440066814422607 104.16304016113281 260.2307434082031 139.14321899414062 297.4252624511719
9.jpg 0.1943967044353485 151.53163146972656 252.33567810058594 186.51153564453125 289.53094482421875
9.jpg 0.1943967044353485 183.11058044433594 252.33567810058594 218.09048461914062 289.53094482421875
9.jpg 0.1943967044353485 214.6895294189453 252.33567810058594 249.66943359375 289.53094482421875
9.jpg 0.1943967044353485 246.26846313476562 252.33567810058594 281.2483825683594 289.53094482421875
9.jpg 0.1943967044353485 277.847412109375 252.33567810058594 300.0 289.53094482421875
9.jpg 0.1943967044353485 9.426359176635742 260.23040771484375 44.40626907348633 297.4256896972656
9.jpg 0.1943967044353485 41.005306243896484 260.23040771484375 75.98522186279297 297.4256896972656
9.jpg 0.19387517869472504 119.95439147949219 252.33265686035156 154.94935607910156 289.5474853515625
9.jpg 0.19312022626399994 37.71727752685547 61.06962585449219 73.05461120605469 100.58589935302734
9.jpg 0.19231919944286346 135.7179718017578 260.20904541015625 170.64930725097656 297.3995361328125
9.jpg 0.19186803698539734 37.60392379760742 92.62702941894531 72.91841125488281 132.32763671875
9.jpg 0.19049417972564697 37.709529876708984 76.81803894042969 73.01012420654297 116.44435119628906
9.jpg 0.1865236759185791 220.6550750732422 266.537109375 263.8947448730469 300.0
9.jpg 0.18604539334774017 134.6879425048828 105.0055923461914 168.27732849121094 135.33233642578125
9.jpg 0.18060679733753204 192.26539611816406 244.97857666015625 232.98947143554688 284.2552795410156
9.jpg 0.17941151559352875 88.6247329711914 252.4574737548828 123.61058044433594 289.5539245605469
9.jpg 0.1775568127632141 228.86129760742188 87.80005645751953 263.98724365234375 124.92619323730469
9.jpg 0.1775568127632141 228.86129760742188 103.58953857421875 263.98724365234375 140.7156524658203
9.jpg 0.1775568127632141 228.86129760742188 119.3790054321289 263.98724365234375 156.50514221191406
9.jpg 0.1775568127632141 228.86129760742188 135.16848754882812 263.98724365234375 172.2946319580078
9.jpg 0.1775568127632141 228.86129760742188 150.9579620361328 263.98724365234375 188.08409118652344
9.jpg 0.1775568127632141 228.86129760742188 166.74745178222656 263.98724365234375 203.8735809326172
9.jpg 0.1775568127632141 228.86129760742188 182.5369110107422 263.98724365234375 219.66305541992188
9.jpg 0.1775500476360321 228.86105346679688 198.32583618164062 263.9878845214844 235.453125
9.jpg 0.17720194160938263 228.85955810546875 56.218990325927734 263.9986267089844 93.35494995117188
9.jpg 0.17715109884738922 228.8444061279297 214.12281799316406 264.054443359375 251.2824249267578
9.jpg 0.175536647439003 73.51392364501953 134.46966552734375 106.2431411743164 173.818359375
9.jpg 0.17489555478096008 37.12635040283203 29.079668045043945 72.77632904052734 68.85334777832031
9.jpg 0.17476056516170502 166.47744750976562 260.1015625 202.1002960205078 297.3253479003906
9.jpg 0.17231740057468414 229.90504455566406 42.75791549682617 264.414306640625 74.11548614501953
9.jpg 0.1712270975112915 0.0 261.87811279296875 25.36540985107422 298.57122802734375
9.jpg 0.17014136910438538 230.01312255859375 232.0332489013672 265.01513671875 264.04205322265625
9.jpg 0.167671799659729 194.1735382080078 89.13268280029297 225.94723510742188 133.9141845703125
9.jpg 0.16121576726436615 0.0 167.4310302734375 17.2459659576416 208.8061065673828
9.jpg 0.15993258357048035 82.42735290527344 261.30975341796875 115.41163635253906 296.7574157714844
9.jpg 0.15973050892353058 177.80393981933594 72.12132263183594 211.09201049804688 98.71104431152344
9.jpg 0.15892651677131653 0.0 189.01873779296875 32.512699127197266 257.1170959472656
9.jpg 0.15849143266677856 64.02796936035156 236.4444122314453 104.52925109863281 274.5412292480469
9.jpg 0.1533190757036209 10.97533130645752 155.6703338623047 54.177207946777344 191.7891082763672
7.jpg 0.6401407718658447 125.93101501464844 35.44187927246094 164.08474731445312 61.03601837158203
6.jpg 0.5502676367759705 74.2021484375 251.8169403076172 112.14478302001953 289.35308837890625
6.jpg 0.5457152128219604 106.62782287597656 252.84506225585938 140.5751495361328 285.193603515625
7.jpg 0.6401407718658447 125.93101501464844 35.44187927246094 164.08474731445312 61.03601837158203
5.jpg 0.5503684878349304 178.80718994140625 229.14744567871094 208.14605712890625 260.560302734375
5.jpg 0.5426719784736633 124.93331146240234 238.0544891357422 156.60231018066406 267.6192932128906
4.jpg 0.11693429946899414 117.01871490478516 0.0 300.0 110.4701919555664
6.jpg 0.12256452441215515 120.0158920288086 0.0 300.0 109.31574249267578
0.jpg 0.12337267398834229 119.52488708496094 0.0 300.0 108.98992919921875
0.jpg 0.11350596696138382 154.2809295654297 139.91555786132812 205.17152404785156 189.2112274169922
0.jpg 0.10219475626945496 93.20756530761719 143.43572998046875 144.69094848632812 193.0903778076172
0.jpg 0.1016349121928215 172.31007385253906 125.08812713623047 225.11888122558594 174.14727783203125
0.jpg 0.10062314569950104 126.69487762451172 138.55523681640625 174.41481018066406 189.48953247070312
0.jpg 0.10058357566595078 138.56068420410156 123.29728698730469 187.8801727294922 174.19564819335938
2.jpg 0.12311004102230072 119.59920501708984 0.0 300.0 108.76728057861328
7.jpg 0.1091262698173523 114.94556427001953 0.0 300.0 111.87181091308594
5.jpg 0.11357013881206512 116.75682830810547 0.0 300.0 110.43909454345703
3.jpg 0.11384972184896469 116.9770736694336 0.0 300.0 112.41527557373047
1.jpg 0.11617989093065262 116.0679702758789 0.0 300.0 109.94880676269531
8.jpg 0.12075592577457428 120.34034729003906 0.0 300.0 108.93212890625
9.jpg 0.11743932962417603 119.21341705322266 0.0 300.0 110.16899871826172
