4.jpg 0.730426013469696 218.0854949951172 198.1811065673828 276.3105773925781 254.2964630126953
4.jpg 0.2741304934024811 236.2572021484375 208.42396545410156 290.9069519042969 264.5577392578125
4.jpg 0.23108862340450287 169.43310546875 54.69878005981445 208.37191772460938 92.09689331054688
4.jpg 0.19381748139858246 218.64297485351562 221.13192749023438 281.4508972167969 282.39141845703125
4.jpg 0.1578865945339203 203.8388671875 204.77218627929688 260.0314025878906 266.0379943847656
4.jpg 0.15655305981636047 2.0050406455993652 246.52394104003906 50.701904296875 293.28607177734375
6.jpg 0.5597461462020874 4.439988136291504 247.09585571289062 51.020301818847656 291.51947021484375
6.jpg 0.3677794933319092 221.96153259277344 4.012267112731934 260.2760314941406 47.0848503112793
6.jpg 0.288180410861969 101.12338256835938 160.73953247070312 130.23548889160156 196.67404174804688
6.jpg 0.27952054142951965 215.24124145507812 77.39682006835938 260.9251708984375 131.65753173828125
6.jpg 0.27296480536460876 97.77864074707031 150.02362060546875 141.06466674804688 184.3158721923828
6.jpg 0.2406788468360901 80.31515502929688 145.70098876953125 128.26295471191406 186.2670440673828
6.jpg 0.23934288322925568 85.55790710449219 238.39956665039062 126.17053985595703 278.12164306640625
6.jpg 0.21121014654636383 2.774378776550293 173.21823120117188 46.51921844482422 214.19544982910156
6.jpg 0.2060130387544632 247.13914489746094 74.21247100830078 300.0 126.78816223144531
6.jpg 0.20043818652629852 212.2464599609375 12.94909954071045 246.5030975341797 52.4967041015625
6.jpg 0.1918037384748459 251.5232696533203 95.22588348388672 289.1685791015625 136.44088745117188
6.jpg 0.18955190479755402 16.43743133544922 234.41860961914062 61.01525115966797 277.6786804199219
6.jpg 0.18766319751739502 55.77409744262695 238.53468322753906 106.33634948730469 281.72344970703125
6.jpg 0.16171163320541382 57.68996047973633 144.41015625 105.47589111328125 185.69618225097656
6.jpg 0.15807759761810303 88.72613525390625 221.17330932617188 147.3981170654297 277.0901794433594
6.jpg 0.156541645526886 5.131917476654053 192.81517028808594 44.92237854003906 228.7397918701172
0.jpg 0.1567341685295105 2.0203962326049805 246.52101135253906 50.69792175292969 293.28424072265625
0.jpg 0.15057064592838287 263.4700927734375 241.6898193359375 300.0 283.55230712890625
2.jpg 0.17851467430591583 137.39047241210938 210.41162109375 172.06463623046875 246.55743408203125
2.jpg 0.16592653095722198 113.62638854980469 192.53521728515625 154.16360473632812 242.9571075439453
2.jpg 0.15655305981636047 2.0050406455993652 246.52394104003906 50.701904296875 293.28607177734375
7.jpg 0.6696928143501282 231.88113403320312 256.31134033203125 293.0968017578125 300.0
7.jpg 0.3831307291984558 180.71029663085938 20.870515823364258 215.72621154785156 55.63154602050781
7.jpg 0.27674055099487305 197.06292724609375 128.7359161376953 234.283447265625 173.66416931152344
7.jpg 0.260730504989624 240.05303955078125 244.4732666015625 298.93212890625 287.089599609375
7.jpg 0.21982157230377197 166.88311767578125 21.049560546875 206.72296142578125 65.57380676269531
7.jpg 0.1918960064649582 142.98953247070312 10.233657836914062 185.8963623046875 71.26145935058594
7.jpg 0.15655305981636047 2.0050406455993652 246.52394104003906 50.701904296875 293.28607177734375
5.jpg 0.32242557406425476 196.85943603515625 87.15482330322266 238.92535400390625 126.32423400878906
5.jpg 0.316813588142395 248.1653289794922 210.76577758789062 300.0 257.83697509765625
5.jpg 0.2777325212955475 204.62167358398438 78.59429168701172 238.9466094970703 109.41924285888672
5.jpg 0.2281564176082611 263.2849426269531 97.57779693603516 300.0 141.8779296875
5.jpg 0.2223542481660843 169.62835693359375 209.97006225585938 216.20834350585938 260.4805908203125
5.jpg 0.21067702770233154 252.9544219970703 221.1686553955078 300.0 274.47491455078125
5.jpg 0.17857728898525238 138.22535705566406 200.3248748779297 178.6184539794922 234.7967987060547
5.jpg 0.15655305981636047 2.0050406455993652 246.52394104003906 50.701904296875 293.28607177734375
3.jpg 0.6359319686889648 254.9478759765625 0.0 293.152099609375 42.57184982299805
3.jpg 0.43954142928123474 100.23587799072266 0.0 146.712158203125 37.97647476196289
3.jpg 0.4236668646335602 232.8243865966797 0.0 276.41943359375 24.804609298706055
3.jpg 0.3336281180381775 264.17535400390625 0.0 300.0 34.998069763183594
3.jpg 0.3218768239021301 287.75360107421875 40.04941177368164 300.0 84.22785186767578
3.jpg 0.3199162185192108 122.65065002441406 196.00006103515625 172.84158325195312 248.70643615722656
3.jpg 0.28737106919288635 0.0 58.23043441772461 19.223426818847656 92.41783905029297
3.jpg 0.27888840436935425 232.06192016601562 202.31939697265625 258.88922119140625 228.82984924316406
3.jpg 0.24764010310173035 201.38197326660156 184.0008087158203 229.7122802734375 222.95774841308594
3.jpg 0.18988680839538574 191.7358856201172 0.0 239.03785705566406 32.14370346069336
3.jpg 0.18145285546779633 213.00901794433594 0.0 261.9874267578125 31.2683162689209
3.jpg 0.17368274927139282 0.0 78.7632827758789 29.845977783203125 111.91313171386719
3.jpg 0.15694348514080048 277.98883056640625 48.902713775634766 300.0 101.74738311767578
3.jpg 0.15655305981636047 2.0050406455993652 246.52394104003906 50.701904296875 293.28607177734375
3.jpg 0.15431952476501465 106.63304138183594 0.0 135.26219177246094 25.023927688598633
1.jpg 0.5410547256469727 206.17681884765625 156.58944702148438 236.03358459472656 184.67050170898438
1.jpg 0.47123831510543823 196.066650390625 148.4398956298828 239.13619995117188 195.685302734375
1.jpg 0.23115865886211395 77.39442443847656 86.91004180908203 113.2950439453125 132.27822875976562
1.jpg 0.15655305981636047 2.0050406455993652 246.52394104003906 50.701904296875 293.28607177734375
1.jpg 0.15417543053627014 176.48826599121094 153.92440795898438 202.5011444091797 192.22406005859375
1.jpg 0.153755784034729 264.4154052734375 242.2149658203125 300.0 280.8742370605469
8.jpg 0.26870283484458923 211.66439819335938 93.97001647949219 250.07473754882812 126.51754760742188
8.jpg 0.2210802435874939 198.3006134033203 85.16614532470703 239.11729431152344 125.55499267578125
8.jpg 0.1949254870414734 212.55078125 74.47989654541016 257.2651672363281 119.04827880859375
8.jpg 0.15681253373622894 2.015326976776123 246.52291870117188 50.70283126831055 293.2838439941406
9.jpg 0.7649044990539551 179.05877685546875 74.4004898071289 221.06939697265625 114.7046890258789
9.jpg 0.3663696348667145 158.9007568359375 77.80300903320312 208.75582885742188 128.00299072265625
9.jpg 0.2703790068626404 75.52195739746094 204.32899475097656 129.29649353027344 260.47613525390625
9.jpg 0.21782471239566803 210.5767822265625 81.26564025878906 253.6549835205078 118.21072387695312
9.jpg 0.1987912505865097 226.56517028808594 65.06499481201172 261.78460693359375 105.18749237060547
9.jpg 0.17415091395378113 8.9284029006958 138.20504760742188 53.61676788330078 179.707275390625
9.jpg 0.16617365181446075 148.84510803222656 71.86419677734375 198.64125061035156 110.10308837890625
9.jpg 0.15655305981636047 2.0050406455993652 246.52394104003906 50.701904296875 293.28607177734375
9.jpg 0.15498295426368713 186.78237915039062 62.654052734375 228.95156860351562 103.67593383789062
4.jpg 0.730426013469696 218.0854949951172 198.1811065673828 276.3105773925781 254.2964630126953
7.jpg 0.6696928143501282 231.88113403320312 256.31134033203125 293.0968017578125 300.0
3.jpg 0.6359319686889648 254.9478759765625 0.0 293.152099609375 42.57184982299805
9.jpg 0.7649044990539551 179.05877685546875 74.4004898071289 221.06939697265625 114.7046890258789
4.jpg 0.730426013469696 218.0854949951172 198.1811065673828 276.3105773925781 254.2964630126953
6.jpg 0.5597461462020874 4.439988136291504 247.09585571289062 51.020301818847656 291.51947021484375
7.jpg 0.6696928143501282 231.88113403320312 256.31134033203125 293.0968017578125 300.0
3.jpg 0.6359319686889648 254.9478759765625 0.0 293.152099609375 42.57184982299805
1.jpg 0.5410547256469727 206.17681884765625 156.58944702148438 236.03358459472656 184.67050170898438
9.jpg 0.7649044990539551 179.05877685546875 74.4004898071289 221.06939697265625 114.7046890258789
4.jpg 0.15234573185443878 0.0 0.0 139.87196350097656 180.73915100097656
4.jpg 0.10409006476402283 0.0 42.95822525024414 123.93230438232422 300.0
6.jpg 0.12450329214334488 0.0 0.0 139.38800048828125 183.78514099121094
6.jpg 0.10132297873497009 0.0 37.83559799194336 124.76326751708984 300.0
0.jpg 0.1458580046892166 0.0 0.0 141.11520385742188 179.09628295898438
2.jpg 0.15057991445064545 0.0 0.0 141.5927734375 179.3535614013672
2.jpg 0.10580263286828995 0.0 47.068119049072266 124.07079315185547 300.0
7.jpg 0.14805975556373596 0.0 0.0 140.1542510986328 181.1495361328125
7.jpg 0.10335921496152878 0.0 41.7182731628418 123.42613983154297 300.0
5.jpg 0.15457448363304138 0.0 0.0 140.49183654785156 180.4788818359375
5.jpg 0.11021924018859863 0.0 45.70933151245117 123.72016143798828 300.0
3.jpg 0.13649336993694305 0.0 0.0 139.07131958007812 183.8255157470703
3.jpg 0.11230762302875519 0.0 41.407440185546875 124.24625396728516 300.0
1.jpg 0.14899906516075134 0.0 0.0 139.92160034179688 181.02896118164062
1.jpg 0.10671260952949524 0.0 42.79657745361328 123.81103515625 300.0
8.jpg 0.13930381834506989 0.0 0.0 140.67098999023438 180.7824249267578
8.jpg 0.10330256819725037 0.0 40.771080017089844 123.03128051757812 300.0
9.jpg 0.1304657757282257 0.0 0.0 140.00576782226562 182.5750732421875
9.jpg 0.11898719519376755 82.15984344482422 161.85589599609375 131.47450256347656 209.0757598876953
9.jpg 0.105220265686512 0.0 40.75032043457031 124.60482788085938 300.0
4.jpg 0.15234573185443878 0.0 0.0 139.87196350097656 180.73915100097656
2.jpg 0.15057991445064545 0.0 0.0 141.5927734375 179.3535614013672
5.jpg 0.15457448363304138 0.0 0.0 140.49183654785156 180.4788818359375
4.jpg 0.3696575164794922 118.03916931152344 122.45455169677734 170.07952880859375 175.05661010742188
5.jpg 0.2131951004266739 231.3185272216797 228.31642150878906 282.04742431640625 278.2304992675781
3.jpg 0.23114235699176788 92.22212219238281 158.7115478515625 144.55023193359375 210.2115020751953
3.jpg 0.22323521971702576 186.73890686035156 62.88077926635742 234.93856811523438 110.9011001586914
3.jpg 0.22077110409736633 161.06105041503906 173.56422424316406 210.6527099609375 222.87814331054688
3.jpg 0.21423879265785217 204.72576904296875 63.357810974121094 251.99595642089844 113.54195404052734
3.jpg 0.2134791761636734 4.161675453186035 68.26908874511719 53.931968688964844 118.02093505859375
3.jpg 0.18739859759807587 158.96530151367188 156.91995239257812 208.06674194335938 205.30975341796875
1.jpg 0.2482505738735199 168.4170379638672 98.38999938964844 219.89283752441406 150.9695281982422
1.jpg 0.21001330018043518 184.64553833007812 119.15382385253906 234.32508850097656 169.20655822753906
1.jpg 0.17949660122394562 204.36476135253906 116.65399932861328 254.32666015625 165.84274291992188
1.jpg 0.1785392165184021 137.59979248046875 108.07368469238281 187.1293182373047 158.99920654296875
1.jpg 0.16597066819667816 171.4371795654297 78.07075500488281 220.79808044433594 128.1898651123047
1.jpg 0.16050250828266144 68.8932113647461 181.13877868652344 118.81879425048828 231.2467803955078
1.jpg 0.15987294912338257 122.16909790039062 120.96131134033203 170.50711059570312 171.4657745361328
8.jpg 0.23758308589458466 195.84918212890625 187.3076171875 247.21255493164062 236.81504821777344
8.jpg 0.15975314378738403 201.65206909179688 205.03109741210938 252.34423828125 254.63916015625
8.jpg 0.15775275230407715 219.53526306152344 185.6641387939453 271.48895263671875 236.55995178222656
9.jpg 0.23940129578113556 218.34661865234375 137.00645446777344 270.8038024902344 187.44338989257812
9.jpg 0.23038314282894135 226.7828826904297 155.39793395996094 276.8670959472656 204.9577178955078
9.jpg 0.21475400030612946 204.45318603515625 47.38798904418945 253.58216857910156 97.14329528808594
9.jpg 0.19435076415538788 239.13983154296875 10.10551929473877 290.3121337890625 61.323978424072266
9.jpg 0.1795671433210373 221.04214477539062 28.747806549072266 271.0439147949219 79.52104949951172
9.jpg 0.17123588919639587 205.48719787597656 177.24826049804688 255.6974334716797 226.9729461669922
9.jpg 0.1697436273097992 225.02415466308594 174.12030029296875 275.6971435546875 224.48130798339844
9.jpg 0.16769930720329285 204.20046997070312 131.5626678466797 253.74867248535156 181.1183624267578
4.jpg 0.3696575164794922 118.03916931152344 122.45455169677734 170.07952880859375 175.05661010742188
4.jpg 0.3696575164794922 118.03916931152344 122.45455169677734 170.07952880859375 175.05661010742188
4.jpg 0.3696575164794922 118.03916931152344 122.45455169677734 170.07952880859375 175.05661010742188
5.jpg 0.2131951004266739 231.3185272216797 228.31642150878906 282.04742431640625 278.2304992675781
3.jpg 0.23114235699176788 92.22212219238281 158.7115478515625 144.55023193359375 210.2115020751953
3.jpg 0.22323521971702576 186.73890686035156 62.88077926635742 234.93856811523438 110.9011001586914
3.jpg 0.22077110409736633 161.06105041503906 173.56422424316406 210.6527099609375 222.87814331054688
3.jpg 0.21423879265785217 204.72576904296875 63.357810974121094 251.99595642089844 113.54195404052734
3.jpg 0.2134791761636734 4.161675453186035 68.26908874511719 53.931968688964844 118.02093505859375
1.jpg 0.2482505738735199 168.4170379638672 98.38999938964844 219.89283752441406 150.9695281982422
1.jpg 0.21001330018043518 184.64553833007812 119.15382385253906 234.32508850097656 169.20655822753906
8.jpg 0.23758308589458466 195.84918212890625 187.3076171875 247.21255493164062 236.81504821777344
9.jpg 0.23940129578113556 218.34661865234375 137.00645446777344 270.8038024902344 187.44338989257812
9.jpg 0.23038314282894135 226.7828826904297 155.39793395996094 276.8670959472656 204.9577178955078
9.jpg 0.21475400030612946 204.45318603515625 47.38798904418945 253.58216857910156 97.14329528808594
4.jpg 0.8218146562576294 123.47125244140625 116.19788360595703 172.68707275390625 166.0317840576172
4.jpg 0.40754926204681396 99.7337875366211 106.838134765625 147.83482360839844 155.16461181640625
4.jpg 0.38584330677986145 97.05827331542969 124.32134246826172 145.24993896484375 173.82241821289062
3.jpg 0.28907933831214905 13.496478080749512 80.7603759765625 60.71649932861328 131.0702667236328
3.jpg 0.2725415825843811 4.90050745010376 139.7471923828125 54.62799835205078 188.60838317871094
9.jpg 0.2526589334011078 150.8850860595703 78.88871765136719 201.20677185058594 129.3272247314453
4.jpg 0.8218146562576294 123.47125244140625 116.19788360595703 172.68707275390625 166.0317840576172
4.jpg 0.40754926204681396 99.7337875366211 106.838134765625 147.83482360839844 155.16461181640625
4.jpg 0.38584330677986145 97.05827331542969 124.32134246826172 145.24993896484375 173.82241821289062
3.jpg 0.28907933831214905 13.496478080749512 80.7603759765625 60.71649932861328 131.0702667236328
3.jpg 0.2725415825843811 4.90050745010376 139.7471923828125 54.62799835205078 188.60838317871094
9.jpg 0.2526589334011078 150.8850860595703 78.88871765136719 201.20677185058594 129.3272247314453
9.jpg 0.23465295135974884 169.5805206298828 20.66917610168457 222.46688842773438 70.13127136230469
9.jpg 0.23412932455539703 236.9728240966797 11.502885818481445 289.8133850097656 64.61360931396484
4.jpg 0.15234573185443878 0.0 0.0 139.87196350097656 180.73915100097656
2.jpg 0.15057991445064545 0.0 0.0 141.5927734375 179.3535614013672
5.jpg 0.15457448363304138 0.0 0.0 140.49183654785156 180.4788818359375
4.jpg 0.15234573185443878 0.0 0.0 139.87196350097656 180.73915100097656
6.jpg 0.12450329214334488 0.0 0.0 139.38800048828125 183.78514099121094
0.jpg 0.1458580046892166 0.0 0.0 141.11520385742188 179.09628295898438
2.jpg 0.15057991445064545 0.0 0.0 141.5927734375 179.3535614013672
7.jpg 0.14805975556373596 0.0 0.0 140.1542510986328 181.1495361328125
5.jpg 0.15457448363304138 0.0 0.0 140.49183654785156 180.4788818359375
3.jpg 0.13649336993694305 0.0 0.0 139.07131958007812 183.8255157470703
1.jpg 0.14899906516075134 0.0 0.0 139.92160034179688 181.02896118164062
8.jpg 0.13930381834506989 0.0 0.0 140.67098999023438 180.7824249267578
9.jpg 0.1304657757282257 0.0 0.0 140.00576782226562 182.5750732421875
4.jpg 0.8989755511283875 126.68289184570312 121.5632095336914 174.84420776367188 169.7642822265625
4.jpg 0.32250961661338806 97.54283142089844 126.24303436279297 144.88966369628906 173.53880310058594
4.jpg 0.3175099194049835 99.22512817382812 107.48883056640625 147.4317169189453 156.1664276123047
4.jpg 0.22179919481277466 151.9294891357422 102.63536834716797 201.5144500732422 151.81900024414062
4.jpg 0.20608918368816376 158.89892578125 88.3453598022461 209.21620178222656 137.81565856933594
4.jpg 0.17953835427761078 247.33026123046875 92.37828826904297 298.50592041015625 144.0424346923828
4.jpg 0.13024812936782837 245.5019073486328 245.20217895507812 294.8904724121094 294.33782958984375
4.jpg 0.12635061144828796 32.89449691772461 187.10987854003906 82.75434112548828 237.23324584960938
4.jpg 0.12011012434959412 1.0637149810791016 185.7845458984375 52.537330627441406 238.1317901611328
6.jpg 0.12118769437074661 235.68629455566406 170.59266662597656 287.25408935546875 222.45445251464844
0.jpg 0.16338005661964417 138.08206176757812 46.10307693481445 187.14849853515625 95.44497680664062
0.jpg 0.13286414742469788 183.81448364257812 63.40762710571289 236.81436157226562 115.39425659179688
0.jpg 0.12729386985301971 113.42698669433594 42.5068359375 165.7949676513672 93.89155578613281
0.jpg 0.12328334152698517 250.00396728515625 186.91656494140625 300.0 233.89402770996094
2.jpg 0.25284871459007263 250.74366760253906 183.96702575683594 298.67462158203125 231.61944580078125
2.jpg 0.14483600854873657 44.30986022949219 204.3189239501953 93.76296997070312 253.8240509033203
2.jpg 0.12487442046403885 109.86132049560547 27.305238723754883 159.8339385986328 77.1867904663086
5.jpg 0.409055233001709 128.01710510253906 65.50692749023438 180.25938415527344 117.50507354736328
3.jpg 0.2946382761001587 3.925844192504883 139.55958557128906 55.17927169799805 189.95660400390625
3.jpg 0.1879536360502243 77.01373291015625 46.64388656616211 127.81880950927734 95.55953979492188
3.jpg 0.17658013105392456 13.969952583312988 155.9947967529297 63.89305114746094 205.99119567871094
3.jpg 0.15867063403129578 74.97051239013672 22.751880645751953 123.447021484375 71.17191314697266
3.jpg 0.1566375494003296 1.0519176721572876 64.0863037109375 53.59285354614258 116.6249008178711
3.jpg 0.15556010603904724 108.67103576660156 53.519840240478516 159.32144165039062 104.3498306274414
3.jpg 0.14028708636760712 1.783036470413208 178.45098876953125 53.09282684326172 229.3341522216797
1.jpg 0.13559921085834503 240.99700927734375 4.250453948974609 291.78070068359375 54.18826675415039
1.jpg 0.12804949283599854 183.028076171875 251.82859802246094 232.78953552246094 300.0
8.jpg 0.12301517277956009 234.06802368164062 212.4708709716797 283.969482421875 263.36712646484375
9.jpg 0.33502915501594543 234.9176788330078 154.1887664794922 284.7152404785156 208.312744140625
9.jpg 0.32853394746780396 148.79595947265625 81.82083129882812 195.01625061035156 128.6020965576172
9.jpg 0.32547515630722046 124.95526885986328 73.97681427001953 172.5665283203125 122.00187683105469
9.jpg 0.19413796067237854 178.72206115722656 125.82999420166016 226.3499755859375 173.2858123779297
9.jpg 0.1720101535320282 82.28115844726562 76.26113891601562 132.62576293945312 126.53791046142578
9.jpg 0.15207958221435547 235.6072540283203 11.039067268371582 288.128173828125 64.29248809814453
9.jpg 0.14459551870822906 0.0 126.41657257080078 48.16654586791992 173.54722595214844
9.jpg 0.12090736627578735 64.92296600341797 248.3754119873047 115.148193359375 297.9974670410156
4.jpg 0.8989755511283875 126.68289184570312 121.5632095336914 174.84420776367188 169.7642822265625
4.jpg 0.32250961661338806 97.54283142089844 126.24303436279297 144.88966369628906 173.53880310058594
4.jpg 0.3175099194049835 99.22512817382812 107.48883056640625 147.4317169189453 156.1664276123047
4.jpg 0.22179919481277466 151.9294891357422 102.63536834716797 201.5144500732422 151.81900024414062
4.jpg 0.20608918368816376 158.89892578125 88.3453598022461 209.21620178222656 137.81565856933594
2.jpg 0.25284871459007263 250.74366760253906 183.96702575683594 298.67462158203125 231.61944580078125
5.jpg 0.409055233001709 128.01710510253906 65.50692749023438 180.25938415527344 117.50507354736328
3.jpg 0.2946382761001587 3.925844192504883 139.55958557128906 55.17927169799805 189.95660400390625
9.jpg 0.33502915501594543 234.9176788330078 154.1887664794922 284.7152404785156 208.312744140625
9.jpg 0.32853394746780396 148.79595947265625 81.82083129882812 195.01625061035156 128.6020965576172
9.jpg 0.32547515630722046 124.95526885986328 73.97681427001953 172.5665283203125 122.00187683105469
4.jpg 0.8989755511283875 126.68289184570312 121.5632095336914 174.84420776367188 169.7642822265625
4.jpg 0.32250961661338806 97.54283142089844 126.24303436279297 144.88966369628906 173.53880310058594
4.jpg 0.3175099194049835 99.22512817382812 107.48883056640625 147.4317169189453 156.1664276123047
2.jpg 0.25284871459007263 250.74366760253906 183.96702575683594 298.67462158203125 231.61944580078125
5.jpg 0.409055233001709 128.01710510253906 65.50692749023438 180.25938415527344 117.50507354736328
3.jpg 0.2946382761001587 3.925844192504883 139.55958557128906 55.17927169799805 189.95660400390625
9.jpg 0.33502915501594543 234.9176788330078 154.1887664794922 284.7152404785156 208.312744140625
9.jpg 0.32853394746780396 148.79595947265625 81.82083129882812 195.01625061035156 128.6020965576172
9.jpg 0.32547515630722046 124.95526885986328 73.97681427001953 172.5665283203125 122.00187683105469
4.jpg 0.8989755511283875 126.68289184570312 121.5632095336914 174.84420776367188 169.7642822265625
4.jpg 0.32250961661338806 97.54283142089844 126.24303436279297 144.88966369628906 173.53880310058594
4.jpg 0.3175099194049835 99.22512817382812 107.48883056640625 147.4317169189453 156.1664276123047
5.jpg 0.409055233001709 128.01710510253906 65.50692749023438 180.25938415527344 117.50507354736328
9.jpg 0.33502915501594543 234.9176788330078 154.1887664794922 284.7152404785156 208.312744140625
9.jpg 0.32853394746780396 148.79595947265625 81.82083129882812 195.01625061035156 128.6020965576172
9.jpg 0.32547515630722046 124.95526885986328 73.97681427001953 172.5665283203125 122.00187683105469
4.jpg 0.8989755511283875 126.68289184570312 121.5632095336914 174.84420776367188 169.7642822265625
4.jpg 0.8989755511283875 126.68289184570312 121.5632095336914 174.84420776367188 169.7642822265625
4.jpg 0.8989755511283875 126.68289184570312 121.5632095336914 174.84420776367188 169.7642822265625
5.jpg 0.409055233001709 128.01710510253906 65.50692749023438 180.25938415527344 117.50507354736328
4.jpg 0.8989755511283875 126.68289184570312 121.5632095336914 174.84420776367188 169.7642822265625
5.jpg 0.409055233001709 128.01710510253906 65.50692749023438 180.25938415527344 117.50507354736328
