4.jpg 0.16156341135501862 173.87423706054688 172.9930877685547 222.7430419921875 222.4522705078125
4.jpg 0.14980922639369965 15.466095924377441 17.678728103637695 63.79552459716797 63.790924072265625
4.jpg 0.14926880598068237 270.0028076171875 105.31324768066406 300.0 126.39896392822266
4.jpg 0.14790759980678558 94.36812591552734 0.0 300.0 83.6034927368164
4.jpg 0.14783112704753876 209.140380859375 126.07571411132812 254.8236541748047 169.18026733398438
4.jpg 0.14352667331695557 0.0 9.298172950744629 87.97079467773438 136.6973114013672
4.jpg 0.13781458139419556 188.20071411132812 220.5824432373047 242.0901641845703 264.5210876464844
4.jpg 0.13459283113479614 207.3003387451172 118.71080017089844 249.7417449951172 144.9097442626953
4.jpg 0.13438229262828827 250.6127166748047 111.98689270019531 299.5187072753906 157.84925842285156
4.jpg 0.134376659989357 253.38771057128906 64.299560546875 299.5390319824219 111.32735443115234
4.jpg 0.13331656157970428 108.14308166503906 216.15052795410156 158.56539916992188 269.3983459472656
4.jpg 0.13328148424625397 0.0 128.6946563720703 90.23296356201172 256.55047607421875
4.jpg 0.13268832862377167 204.6761474609375 87.45980834960938 245.66488647460938 111.08583068847656
4.jpg 0.13245020806789398 0.0 0.0 85.15947723388672 83.08614349365234
4.jpg 0.13115601241588593 0.0 67.91880798339844 84.40306854248047 196.43490600585938
4.jpg 0.13109248876571655 139.05087280273438 127.89063262939453 190.9323272705078 176.5865020751953
4.jpg 0.13075627386569977 272.12286376953125 119.99922943115234 300.0 142.58583068847656
4.jpg 0.1305379867553711 0.0 121.8675765991211 27.849300384521484 155.079345703125
4.jpg 0.13013297319412231 16.716344833374023 2.3167715072631836 63.503387451171875 45.96158981323242
4.jpg 0.12995417416095734 16.61337661743164 33.466060638427734 64.73137664794922 86.04045867919922
4.jpg 0.12966462969779968 151.70327758789062 39.21310043334961 300.0 143.1357421875
4.jpg 0.12956219911575317 238.64666748046875 259.6551208496094 259.7308044433594 300.0
4.jpg 0.12913836538791656 64.2229995727539 252.47340393066406 85.59333038330078 292.06854248046875
4.jpg 0.12748952209949493 249.0115966796875 194.1444091796875 300.0 300.0
4.jpg 0.12604548037052155 218.08489990234375 187.67361450195312 270.4330139160156 239.17477416992188
4.jpg 0.12542235851287842 32.3508415222168 252.31568908691406 54.29084777832031 291.1938781738281
4.jpg 0.1253850907087326 125.94091033935547 176.0995635986328 166.87806701660156 197.40895080566406
4.jpg 0.1253255158662796 238.7835693359375 6.888263702392578 260.1568908691406 48.09132766723633
4.jpg 0.12494911253452301 204.6229705810547 72.40742492675781 244.1410369873047 94.61664581298828
4.jpg 0.12485041469335556 58.890769958496094 219.96270751953125 115.4375991821289 269.48626708984375
4.jpg 0.12482930719852448 268.0670471191406 247.18194580078125 300.0 300.0
4.jpg 0.12427570670843124 60.763877868652344 190.8893280029297 105.83692932128906 214.50814819335938
4.jpg 0.124241404235363 126.45923614501953 190.74244689941406 167.63839721679688 213.41062927246094
4.jpg 0.12419901043176651 0.0 111.90988159179688 41.416175842285156 133.63507080078125
4.jpg 0.12385240942239761 236.75169372558594 88.33690643310547 276.8702392578125 110.68498229980469
4.jpg 0.12355539947748184 127.08291625976562 206.79962158203125 168.29661560058594 229.15908813476562
4.jpg 0.12354639172554016 270.3205261230469 259.49053955078125 290.5849914550781 300.0
4.jpg 0.12325061112642288 175.82394409179688 89.8427734375 222.6913299560547 134.00717163085938
4.jpg 0.12271732091903687 245.6738739013672 80.17340850830078 267.5040588378906 121.3448486328125
4.jpg 0.12257705628871918 63.92521286010742 0.0 300.0 133.1795654296875
4.jpg 0.12229923903942108 150.79432678222656 100.22350311279297 300.0 201.57559204101562
4.jpg 0.12206771969795227 267.397216796875 73.4203872680664 300.0 94.72833251953125
4.jpg 0.12196682393550873 192.4447784423828 201.67457580566406 242.81541442871094 250.1028289794922
4.jpg 0.12175430357456207 273.30029296875 82.46638488769531 300.0 114.59536743164062
4.jpg 0.12170825898647308 174.59315490722656 260.037109375 196.21133422851562 300.0
4.jpg 0.12169025093317032 221.9615936279297 252.2904815673828 243.55499267578125 292.1867370605469
4.jpg 0.12168993800878525 158.80372619628906 252.29043579101562 180.39707946777344 292.18682861328125
4.jpg 0.12168993800878525 190.38267517089844 252.29043579101562 211.9760284423828 292.18682861328125
4.jpg 0.12168654799461365 253.540283203125 252.29051208496094 275.134033203125 292.1859436035156
4.jpg 0.12159104645252228 285.1191101074219 252.28855895996094 300.0 292.1819152832031
4.jpg 0.12152927368879318 127.22142791748047 252.2865753173828 148.82093811035156 292.19012451171875
4.jpg 0.12131409347057343 16.687740325927734 260.1718444824219 38.296321868896484 300.0
4.jpg 0.12129523605108261 175.4104461669922 7.468798637390137 196.78639221191406 48.011348724365234
4.jpg 0.121282197535038 177.78985595703125 108.1346664428711 221.8335418701172 151.1585235595703
4.jpg 0.12119641900062561 94.96314239501953 190.8244171142578 136.10694885253906 213.86935424804688
4.jpg 0.1207982748746872 206.31472778320312 259.8554992675781 227.7799530029297 300.0
4.jpg 0.12038784474134445 48.24745559692383 260.1642150878906 69.87557983398438 300.0
4.jpg 0.12029259651899338 143.02525329589844 260.1571350097656 164.6212615966797 300.0
4.jpg 0.11989741027355194 95.58116149902344 252.20428466796875 117.26274108886719 292.2879943847656
4.jpg 0.11978637427091599 207.00924682617188 7.2274980545043945 228.3482208251953 48.046142578125
4.jpg 0.11975476890802383 143.7579345703125 7.474596977233887 165.2235565185547 47.96660232543945
4.jpg 0.11971402168273926 2.1829068660736084 60.97066116333008 46.05461120605469 110.93924713134766
4.jpg 0.11934612691402435 112.18199157714844 7.477352619171143 133.65322875976562 47.97396469116211
4.jpg 0.11934547871351242 254.2874755859375 0.0 275.75836181640625 40.07912826538086
4.jpg 0.11934525519609451 222.70846557617188 0.0 244.17950439453125 40.079158782958984
4.jpg 0.11934465169906616 191.12948608398438 0.0 212.6005401611328 40.07910919189453
4.jpg 0.1193445473909378 159.550537109375 0.0 181.02162170410156 40.079071044921875
4.jpg 0.11934450268745422 285.8664245605469 0.0 300.0 40.079166412353516
4.jpg 0.11934357136487961 17.445396423339844 7.477205276489258 38.91632843017578 47.973873138427734
4.jpg 0.11934340745210648 49.024349212646484 7.477227687835693 70.49526977539062 47.97389221191406
4.jpg 0.11934317648410797 80.6032943725586 7.477225303649902 102.07421875 47.97390365600586
4.jpg 0.1193101778626442 80.40753936767578 164.98077392578125 102.3395004272461 205.438720703125
4.jpg 0.11921648681163788 127.96781921386719 0.0 149.44361877441406 40.08433532714844
4.jpg 0.11918823421001434 262.24359130859375 0.0 300.0 33.14117431640625
4.jpg 0.11907400190830231 79.82988739013672 260.1661682128906 101.46177673339844 300.0
4.jpg 0.11905007809400558 64.49237823486328 236.3854217529297 86.06586456298828 276.9874572753906
4.jpg 0.11887526512145996 264.1527099609375 78.97061157226562 300.0 128.3815155029297
4.jpg 0.11874359846115112 111.43329620361328 260.15533447265625 133.0580291748047 300.0
4.jpg 0.11873528361320496 17.81889533996582 212.5341339111328 38.582218170166016 253.74606323242188
4.jpg 0.11862588673830032 33.455909729003906 204.242919921875 54.8843994140625 245.82080078125
4.jpg 0.11858731508255005 33.45152282714844 188.4490509033203 54.88143539428711 230.02401733398438
4.jpg 0.11858553439378738 33.45191955566406 125.2914047241211 54.881526947021484 166.865478515625
4.jpg 0.11858528852462769 33.451900482177734 109.50196075439453 54.88156509399414 151.07603454589844
4.jpg 0.11858465522527695 33.4518928527832 93.7125244140625 54.881591796875 135.2865447998047
4.jpg 0.11858461052179337 33.451969146728516 141.08082580566406 54.88153076171875 182.65496826171875
4.jpg 0.11858386546373367 33.451927185058594 77.92296600341797 54.88156509399414 119.49711608886719
4.jpg 0.1185832992196083 33.45199203491211 156.87026977539062 54.88151168823242 198.4445037841797
4.jpg 0.1185830682516098 33.45196533203125 62.133460998535156 54.88154602050781 103.70764923095703
4.jpg 0.11858239024877548 33.45200729370117 172.65968322753906 54.88150405883789 214.23399353027344
4.jpg 0.11858166009187698 171.65916442871094 124.82392883300781 222.5956268310547 175.75160217285156
4.jpg 0.11849646270275116 33.45024108886719 46.34531784057617 54.88170623779297 87.91451263427734
4.jpg 0.11836729198694229 0.0 189.9605712890625 87.29630279541016 300.0
4.jpg 0.1183120533823967 64.69418334960938 109.78265380859375 86.17363739013672 151.2055206298828
4.jpg 0.1182674691081047 64.69799041748047 93.98994445800781 86.18582916259766 135.41806030273438
4.jpg 0.11816670000553131 64.69161987304688 125.55974578857422 86.18292236328125 166.9947509765625
4.jpg 0.11807014048099518 64.69466400146484 78.20191192626953 86.1867446899414 119.62641143798828
4.jpg 0.11802186816930771 64.68809509277344 141.347412109375 86.18973541259766 182.78359985351562
4.jpg 0.11797454953193665 64.69469451904297 62.40901184082031 86.18405151367188 103.83680725097656
4.jpg 0.11793752014636993 64.69171142578125 157.1383819580078 86.18997955322266 198.57156372070312
4.jpg 0.11793357878923416 64.69287872314453 188.71917724609375 86.1885986328125 230.15171813964844
4.jpg 0.11792217940092087 64.69306945800781 172.9293212890625 86.18888092041016 214.36163330078125
4.jpg 0.11792018264532089 204.52322387695312 134.94927978515625 247.9912109375 157.8126678466797
4.jpg 0.1178215965628624 181.43919372558594 265.20648193359375 241.2010955810547 300.0
4.jpg 0.1178148090839386 64.69184112548828 46.619285583496094 86.1886215209961 88.04071807861328
4.jpg 0.11777457594871521 64.69598388671875 204.51414489746094 86.1938247680664 245.9664306640625
4.jpg 0.11769753694534302 147.9595947265625 158.8766632080078 300.0 262.241455078125
4.jpg 0.11752814054489136 99.83455657958984 4.887938022613525 129.985595703125 34.628055572509766
4.jpg 0.1174604594707489 235.7012939453125 73.05818939208984 277.00054931640625 94.61741638183594
4.jpg 0.11740437895059586 33.478477478027344 220.04505920410156 54.856788635253906 261.6117858886719
4.jpg 0.11739743500947952 242.26467895507812 0.0 270.0192565917969 25.802288055419922
4.jpg 0.117240771651268 210.1764373779297 12.821906089782715 240.40939331054688 42.51556396484375
4.jpg 0.1170467883348465 64.97925567626953 0.0 86.29015350341797 40.205562591552734
4.jpg 0.11696121096611023 267.4635314941406 41.383544921875 300.0 107.2414779663086
4.jpg 0.11694124341011047 33.14382553100586 236.00296020507812 54.904273986816406 276.6568298339844
4.jpg 0.11692732572555542 105.5549545288086 110.731689453125 162.30718994140625 159.6808624267578
4.jpg 0.11686162650585175 237.907958984375 120.87248992919922 278.7569885253906 142.876953125
4.jpg 0.11684233695268631 70.3673095703125 193.86196899414062 110.14507293701172 240.3594207763672
4.jpg 0.1167011708021164 147.19241333007812 12.81092357635498 177.45706176757812 42.56074142456055
4.jpg 0.11666906625032425 96.3739013671875 0.0 117.92295837402344 40.206092834472656
4.jpg 0.11661825329065323 131.4250030517578 4.916350364685059 161.67453002929688 34.666343688964844
4.jpg 0.11659648269414902 115.63009643554688 12.812995910644531 145.8870086669922 42.563018798828125
4.jpg 0.1165929064154625 162.99838256835938 4.918249130249023 193.25531005859375 34.66811752319336
4.jpg 0.11659251153469086 226.15626525878906 4.918327331542969 256.41326904296875 34.66822814941406
4.jpg 0.11659195274114609 257.7353515625 4.9183454513549805 287.9922180175781 34.668312072753906
4.jpg 0.1165916845202446 194.5773162841797 4.918344497680664 224.8342742919922 34.66819381713867
4.jpg 0.11659160256385803 0.0 12.813036918640137 19.571090698242188 42.56298065185547
4.jpg 0.11659152805805206 20.893192291259766 12.813013076782227 51.150001525878906 42.56291198730469
4.jpg 0.11659130454063416 52.47210693359375 12.812999725341797 82.72894287109375 42.56291198730469
4.jpg 0.11659121513366699 84.05104064941406 12.813006401062012 114.30789947509766 42.56291580200195
4.jpg 0.11656785011291504 174.87059020996094 195.56483459472656 196.2491455078125 239.48529052734375
4.jpg 0.11655064672231674 16.883127212524414 116.38453674316406 38.23109817504883 161.28274536132812
4.jpg 0.11655064672231674 266.5165100097656 7.224778175354004 300.0 73.17345428466797
4.jpg 0.11622071266174316 159.65611267089844 141.37493896484375 180.67941284179688 183.247802734375
4.jpg 0.1161080002784729 188.83836364746094 102.8426284790039 230.8708038330078 125.21163940429688
4.jpg 0.11603967100381851 178.70404052734375 12.760705947875977 208.99246215820312 42.561973571777344
4.jpg 0.1159501001238823 64.72386169433594 220.34872436523438 86.15199279785156 261.8206787109375
4.jpg 0.11591745167970657 210.62716674804688 0.0 238.86660766601562 26.044687271118164
4.jpg 0.11587090790271759 94.04695892333984 175.47947692871094 135.6060791015625 197.47671508789062
4.jpg 0.1157471239566803 270.4979553222656 196.02304077148438 291.34686279296875 238.7685089111328
4.jpg 0.11574415862560272 270.4980163574219 117.07611846923828 291.3465576171875 159.82130432128906
4.jpg 0.11574403941631317 270.4980163574219 69.70771789550781 291.3465576171875 112.452880859375
4.jpg 0.11573895066976547 270.4978332519531 148.65476989746094 291.3464660644531 191.4005889892578
4.jpg 0.11537595093250275 270.4406433105469 227.59930419921875 291.3247985839844 270.3822937011719
4.jpg 0.11522645503282547 238.69595336914062 117.77655029296875 260.1169738769531 159.00914001464844
4.jpg 0.11522338539361954 238.69625854492188 101.98731994628906 260.11700439453125 143.21971130371094
4.jpg 0.11522307991981506 238.69625854492188 70.40840911865234 260.11700439453125 111.64075469970703
4.jpg 0.11522307991981506 238.69625854492188 86.1978759765625 260.11700439453125 127.43022155761719
4.jpg 0.1151798889040947 238.69000244140625 133.5630645751953 260.1177673339844 174.7999267578125
4.jpg 0.11515086144208908 238.6954803466797 54.61563491821289 260.1167907714844 95.85163879394531
4.jpg 0.11494005471467972 285.66156005859375 204.5697784423828 300.0 245.55474853515625
4.jpg 0.1149234026670456 238.6801300048828 149.3423614501953 260.1217346191406 190.5894012451172
4.jpg 0.1149076372385025 0.0 137.69642639160156 28.0800724029541 169.91213989257812
4.jpg 0.1148277297616005 238.67652893066406 165.12835693359375 260.1294250488281 206.36570739746094
4.jpg 0.1146160364151001 33.43411636352539 30.51506805419922 54.92164993286133 72.0477066040039
4.jpg 0.1144920215010643 259.9833679199219 5.212888717651367 299.9915771484375 49.24769973754883
4.jpg 0.11444085091352463 32.82660675048828 267.8905334472656 54.424415588378906 300.0
4.jpg 0.1144111305475235 238.66111755371094 180.93319702148438 260.1390686035156 222.22320556640625
4.jpg 0.1142272800207138 68.27320861816406 4.799293518066406 98.5954360961914 34.4622802734375
4.jpg 0.11418429017066956 213.31582641601562 218.2092742919922 265.0498046875 272.3805236816406
4.jpg 0.11403801292181015 64.64964294433594 30.766345977783203 86.22010803222656 72.18336486816406
4.jpg 0.11379362642765045 124.43048095703125 33.20220184326172 174.3350067138672 81.48844146728516
6.jpg 0.16878873109817505 16.384775161743164 126.88043212890625 65.00357055664062 172.0458984375
6.jpg 0.15416979789733887 14.806381225585938 119.00480651855469 57.27177810668945 142.69688415527344
6.jpg 0.15220612287521362 0.0 159.3755340576172 92.68873596191406 284.3711853027344
6.jpg 0.1488785594701767 171.26002502441406 174.96661376953125 222.30178833007812 225.33004760742188
6.jpg 0.14802630245685577 252.14797973632812 259.8280944824219 293.5393981933594 282.974609375
6.jpg 0.14556249976158142 14.676589965820312 182.7352752685547 56.94517517089844 205.9669189453125
6.jpg 0.1440965086221695 267.4996032714844 22.642366409301758 300.0 90.0885009765625
6.jpg 0.143787682056427 150.55735778808594 0.0 300.0 84.60891723632812
6.jpg 0.14081457257270813 265.25555419921875 154.27740478515625 300.0 214.52354431152344
6.jpg 0.1396358609199524 32.88766098022461 206.9883270263672 73.51126098632812 229.40512084960938
6.jpg 0.13768231868743896 15.762524604797363 166.9357147216797 56.88624572753906 189.55088806152344
6.jpg 0.1376640647649765 9.387959480285645 181.78033447265625 30.83742332458496 224.7288360595703
6.jpg 0.1369524449110031 268.56103515625 213.5989532470703 300.0 237.50787353515625
6.jpg 0.13620081543922424 0.0 98.99877166748047 90.18915557861328 224.41531372070312
6.jpg 0.1353708654642105 91.74003601074219 26.145301818847656 197.10337829589844 122.5235595703125
6.jpg 0.13525059819221497 32.44377136230469 191.44393920898438 72.9317855834961 213.13917541503906
6.jpg 0.13512316346168518 12.977461814880371 245.61656188964844 56.502159118652344 268.22149658203125
6.jpg 0.1347610205411911 48.223628997802734 136.4921112060547 89.39656066894531 158.16346740722656
6.jpg 0.13423903286457062 0.0 0.0 82.38584899902344 82.00241088867188
6.jpg 0.1341029852628708 0.0 175.56617736816406 39.51251220703125 197.19740295410156
6.jpg 0.1336636245250702 267.5210876464844 167.5206756591797 300.0 189.71151733398438
6.jpg 0.13239823281764984 171.4096221923828 260.7749938964844 222.87535095214844 300.0
6.jpg 0.13141126930713654 142.3739013671875 246.53823852539062 189.9320526123047 297.5791015625
6.jpg 0.1313026398420334 49.655609130859375 216.32061767578125 89.19845581054688 237.03990173339844
6.jpg 0.13038499653339386 15.252039909362793 261.17193603515625 58.26913833618164 283.0587158203125
6.jpg 0.1302834302186966 64.13938903808594 251.29669189453125 85.15943908691406 294.5668029785156
6.jpg 0.12957733869552612 238.64654541015625 259.65496826171875 259.73040771484375 300.0
6.jpg 0.12910328805446625 0.0 222.3465576171875 26.551294326782227 243.33334350585938
6.jpg 0.1290803849697113 244.83018493652344 203.81509399414062 266.9185791015625 243.96347045898438
6.jpg 0.1289098858833313 262.75360107421875 0.0 300.0 33.248924255371094
6.jpg 0.12884555757045746 49.62324523925781 152.42501831054688 88.47184753417969 174.64637756347656
6.jpg 0.12858670949935913 251.09596252441406 197.6045379638672 293.4586181640625 220.7756805419922
6.jpg 0.12709705531597137 36.30027770996094 0.0 173.0242919921875 81.99400329589844
6.jpg 0.1270291656255722 60.233978271484375 154.33802795410156 114.8816909790039 201.6981201171875
6.jpg 0.1267332136631012 217.83782958984375 259.72802734375 260.8877868652344 283.9593200683594
6.jpg 0.12668290734291077 94.87947082519531 0.0 239.70147705078125 79.104248046875
6.jpg 0.12648311257362366 0.0 197.46852111816406 40.38393020629883 219.52182006835938
6.jpg 0.12642556428909302 0.0 34.01089859008789 87.77175903320312 166.7238006591797
6.jpg 0.1256692260503769 18.54328155517578 187.21229553222656 65.22663879394531 240.37449645996094
6.jpg 0.1253846436738968 69.1324691772461 214.0894317626953 112.1080551147461 236.13641357421875
6.jpg 0.1253255158662796 238.7835693359375 6.888263702392578 260.1568908691406 48.09132766723633
6.jpg 0.12459491938352585 265.75665283203125 245.8638916015625 300.0 268.2809143066406
6.jpg 0.12452702969312668 146.67437744140625 98.20075988769531 300.0 201.05746459960938
6.jpg 0.12430517375469208 14.793098449707031 88.3729019165039 55.34869384765625 110.39503479003906
6.jpg 0.12391563504934311 14.701026916503906 155.71517944335938 65.49996185302734 203.7169952392578
6.jpg 0.12360448390245438 47.41615295410156 144.1295623779297 95.60299682617188 192.0348663330078
6.jpg 0.12354651093482971 270.32049560546875 259.4905700683594 290.5849914550781 300.0
6.jpg 0.1229187622666359 48.58280563354492 182.90939331054688 87.53752136230469 204.77572631835938
6.jpg 0.12244468182325363 47.970001220703125 259.7459411621094 69.57228088378906 300.0
6.jpg 0.12232561409473419 47.96421813964844 246.4332275390625 87.80448150634766 267.65875244140625
6.jpg 0.12221696972846985 80.09112548828125 199.35580444335938 120.91354370117188 221.36895751953125
6.jpg 0.12208474427461624 174.5852813720703 260.0411376953125 196.20790100097656 300.0
6.jpg 0.12192637473344803 143.01412963867188 260.18157958984375 164.60691833496094 300.0
6.jpg 0.12166638672351837 9.422466278076172 192.63697814941406 80.01519775390625 300.0
6.jpg 0.12129523605108261 175.4104461669922 7.468798637390137 196.78639221191406 48.011348724365234
6.jpg 0.1212867721915245 248.43124389648438 192.95289611816406 300.0 300.0
6.jpg 0.12116813659667969 64.16629028320312 0.0 300.0 132.45196533203125
6.jpg 0.12110196053981781 16.551345825195312 228.49038696289062 37.299625396728516 273.14599609375
6.jpg 0.1210617944598198 249.24151611328125 63.45689010620117 300.0 250.19927978515625
6.jpg 0.12090978771448135 206.31675720214844 259.85302734375 227.7771759033203 300.0
6.jpg 0.12023792415857315 32.69806671142578 203.0261993408203 83.38016510009766 253.77752685546875
6.jpg 0.12004805356264114 2.2996723651885986 142.6306610107422 49.49223709106445 187.74569702148438
6.jpg 0.12004757672548294 123.59066009521484 259.12432861328125 178.3197784423828 300.0
6.jpg 0.11997193843126297 32.655887603759766 93.66387939453125 55.22817611694336 134.78396606445312
6.jpg 0.11990122497081757 87.33328247070312 175.93307495117188 109.52836608886719 215.2858123779297
6.jpg 0.11978637427091599 207.00924682617188 7.2274980545043945 228.3482208251953 48.046142578125
6.jpg 0.11977791786193848 82.04631805419922 161.77798461914062 113.54444122314453 192.47268676757812
6.jpg 0.11975476890802383 143.7579345703125 7.474596977233887 165.2235565185547 47.96660232543945
6.jpg 0.11946990340948105 33.45140838623047 46.39244079589844 54.83853530883789 87.89287567138672
6.jpg 0.11941015720367432 217.66195678710938 244.72909545898438 262.0985412597656 267.7052307128906
6.jpg 0.11934612691402435 112.18199157714844 7.477352619171143 133.65322875976562 47.97396469116211
6.jpg 0.119343101978302 159.55064392089844 0.0 181.02159118652344 40.07917022705078
6.jpg 0.119343101978302 191.12960815429688 0.0 212.6005401611328 40.07917022705078
6.jpg 0.119343101978302 222.70855712890625 0.0 244.1794891357422 40.07917022705078
6.jpg 0.119343101978302 254.28749084472656 0.0 275.7584228515625 40.07917022705078
6.jpg 0.119343101978302 285.8664245605469 0.0 300.0 40.07917022705078
6.jpg 0.119343101978302 17.445398330688477 7.477227687835693 38.91632843017578 47.97391128540039
6.jpg 0.119343101978302 49.024349212646484 7.477227687835693 70.49527740478516 47.97391128540039
6.jpg 0.119343101978302 80.6032943725586 7.477227687835693 102.07421875 47.97391128540039
6.jpg 0.11921600252389908 127.96786499023438 0.0 149.44361877441406 40.08442306518555
6.jpg 0.11911197006702423 79.87152099609375 183.3763427734375 120.60420227050781 204.6102752685547
6.jpg 0.11906121671199799 49.33436965942383 259.9664611816406 97.6882095336914 300.0
6.jpg 0.1190250962972641 266.3150939941406 62.3170051574707 300.0 112.27777862548828
6.jpg 0.11889529228210449 277.12994384765625 221.01075744628906 298.2855224609375 263.3433837890625
6.jpg 0.11887269467115402 149.84902954101562 37.67909622192383 300.0 142.62242126464844
6.jpg 0.11864762008190155 111.35383605957031 260.1083679199219 133.0458221435547 300.0
6.jpg 0.11851371079683304 47.782047271728516 231.5433349609375 88.66202545166016 252.51878356933594
6.jpg 0.11848796159029007 34.03057098388672 222.7587432861328 72.5413818359375 245.65155029296875
6.jpg 0.1183617115020752 205.3483428955078 62.01464080810547 255.16734313964844 112.35380554199219
6.jpg 0.11831320822238922 31.172170639038086 176.17141723632812 71.94051361083984 197.28717041015625
6.jpg 0.11826162785291672 30.028045654296875 60.45851135253906 269.129150390625 239.82440185546875
6.jpg 0.11825285106897354 0.0 233.41148376464844 32.12568283081055 275.13909912109375
6.jpg 0.1181221604347229 39.27661895751953 198.3719024658203 61.73564910888672 239.08522033691406
6.jpg 0.117935910820961 269.1755065917969 173.24378967285156 292.9187316894531 211.7855224609375
6.jpg 0.11754640191793442 64.64509582519531 46.59340286254883 86.1779556274414 88.07081604003906
6.jpg 0.11752759665250778 99.83455657958984 4.887940406799316 129.98556518554688 34.62803649902344
6.jpg 0.11751449108123779 70.0387191772461 251.64926147460938 115.12838745117188 291.5350036621094
6.jpg 0.11743132025003433 80.19550323486328 152.36651611328125 120.08783721923828 173.97967529296875
6.jpg 0.11739743500947952 242.26467895507812 0.0 270.0192565917969 25.802288055419922
6.jpg 0.1172555610537529 56.594932556152344 174.14955139160156 77.71048736572266 215.19532775878906
6.jpg 0.117240771651268 210.1764373779297 12.821906089782715 240.40939331054688 42.51556396484375
6.jpg 0.11718376725912094 38.35383605957031 248.54171752929688 80.39263153076172 291.3017272949219
6.jpg 0.11716043949127197 162.52520751953125 209.89962768554688 192.7122802734375 239.77639770507812
6.jpg 0.11715821176767349 64.14922332763672 78.29442596435547 85.81442260742188 118.01647186279297
6.jpg 0.11704666167497635 64.97925567626953 0.0 86.2901382446289 40.205570220947266
6.jpg 0.11701933294534683 241.3020477294922 184.96458435058594 285.67266845703125 229.493896484375
6.jpg 0.11683756113052368 162.54336547851562 225.54087829589844 192.7473602294922 255.5998992919922
6.jpg 0.1167011708021164 147.19241333007812 12.81092357635498 177.45706176757812 42.56074142456055
6.jpg 0.11666850745677948 96.3739242553711 0.0 117.9229507446289 40.206153869628906
6.jpg 0.11664201319217682 31.4149112701416 253.93170166015625 74.0058364868164 275.738037109375
6.jpg 0.11661782115697861 131.4250030517578 4.916358470916748 161.67449951171875 34.66632843017578
6.jpg 0.11659648269414902 115.63009643554688 12.812995910644531 145.8870086669922 42.563018798828125
6.jpg 0.11659123748540878 162.9984130859375 4.91827392578125 193.25526428222656 34.668182373046875
6.jpg 0.11659123748540878 194.57736206054688 4.91827392578125 224.834228515625 34.668182373046875
6.jpg 0.11659123748540878 226.1562957763672 4.91827392578125 256.41314697265625 34.668182373046875
6.jpg 0.11659123748540878 257.7352600097656 4.91827392578125 287.9920959472656 34.668182373046875
6.jpg 0.11659123748540878 0.0 12.813009262084961 19.571062088012695 42.56291580200195
6.jpg 0.11659123748540878 20.893138885498047 12.813009262084961 51.1500129699707 42.56291580200195
6.jpg 0.11659123748540878 52.47208023071289 12.813009262084961 82.72895812988281 42.56291580200195
6.jpg 0.11659123748540878 84.05103302001953 12.813009262084961 114.30790710449219 42.56291580200195
6.jpg 0.1165638417005539 79.74810791015625 259.7430419921875 101.36650085449219 300.0
6.jpg 0.11655654013156891 50.27262496948242 199.39694213867188 88.75361633300781 222.39483642578125
6.jpg 0.11603967100381851 178.70404052734375 12.760705947875977 208.99246215820312 42.561973571777344
6.jpg 0.11593851447105408 64.37822723388672 62.429176330566406 86.18458557128906 103.53118133544922
6.jpg 0.11593442410230637 162.596435546875 194.08645629882812 192.9842987060547 224.09063720703125
6.jpg 0.115920290350914 79.44638061523438 135.94309997558594 120.54315185546875 157.56858825683594
6.jpg 0.11591745167970657 210.62716674804688 0.0 238.86660766601562 26.044687271118164
6.jpg 0.11591055989265442 78.86676025390625 120.01541900634766 119.78813171386719 142.23184204101562
6.jpg 0.11574403941631317 270.4980163574219 69.70771789550781 291.3465576171875 112.452880859375
6.jpg 0.11574403941631317 270.4980163574219 101.28665924072266 291.3465576171875 144.03182983398438
6.jpg 0.11574403941631317 270.4980163574219 132.86561584472656 291.3465576171875 175.6107635498047
6.jpg 0.11574392765760422 270.4977722167969 196.0230255126953 291.3465270996094 238.76902770996094
6.jpg 0.11552567034959793 162.66873168945312 241.41925048828125 192.8607940673828 271.2214660644531
6.jpg 0.11551069468259811 0.0 159.549072265625 39.33519744873047 181.46615600585938
6.jpg 0.11544759571552277 33.2127571105957 62.364776611328125 54.75333786010742 103.7708740234375
6.jpg 0.11537698656320572 270.44036865234375 227.5992889404297 291.3246154785156 270.3821105957031
6.jpg 0.11534233391284943 47.95955276489258 44.2532844543457 93.10318756103516 101.355712890625
6.jpg 0.115226611495018 238.69598388671875 196.7238006591797 260.1169738769531 237.9568634033203
6.jpg 0.11522307991981506 238.69625854492188 70.40840911865234 260.11700439453125 111.64075469970703
6.jpg 0.11522307991981506 238.69625854492188 86.1978759765625 260.11700439453125 127.43022155761719
6.jpg 0.11522307991981506 238.69625854492188 101.98735046386719 260.11700439453125 143.21969604492188
6.jpg 0.11522307991981506 238.69625854492188 117.77682495117188 260.11700439453125 159.00918579101562
6.jpg 0.11522307991981506 238.69625854492188 133.56629943847656 260.11700439453125 174.79864501953125
6.jpg 0.11522307991981506 238.69625854492188 149.35577392578125 260.11700439453125 190.58811950683594
6.jpg 0.11522307991981506 238.69625854492188 165.14524841308594 260.11700439453125 206.37759399414062
6.jpg 0.11522307991981506 238.69625854492188 180.93472290039062 260.11700439453125 222.1670684814453
6.jpg 0.11515086144208908 238.6954803466797 54.61563491821289 260.1167907714844 95.85163879394531
6.jpg 0.11511650681495667 79.03227996826172 104.72284698486328 119.70295715332031 126.1611328125
6.jpg 0.11507608741521835 238.6944122314453 212.51446533203125 260.12457275390625 253.7489471435547
6.jpg 0.1150231808423996 0.0 183.16571044921875 27.216039657592773 205.89364624023438
6.jpg 0.11499904841184616 47.194305419921875 88.54163360595703 87.30189514160156 110.32579803466797
6.jpg 0.11492177844047546 158.95045471191406 251.9307861328125 180.2803192138672 291.8593444824219
6.jpg 0.11466225236654282 33.434776306152344 30.515811920166016 54.9207763671875 72.0451889038086
6.jpg 0.11464042216539383 65.46614074707031 94.785400390625 118.18840789794922 143.3343048095703
6.jpg 0.11461382359266281 0.0 0.0 151.06365966796875 54.64738082885742
6.jpg 0.11452192068099976 0.4223473370075226 253.92376708984375 42.490535736083984 276.4141845703125
6.jpg 0.1144920215010643 259.9833679199219 5.212888717651367 299.9915771484375 49.24769973754883
