4.jpg 0.17460469901561737 0.0 88.90042877197266 146.63624572753906 201.72654724121094
4.jpg 0.15310730040073395 0.0 28.60951042175293 144.52577209472656 143.26800537109375
4.jpg 0.15169861912727356 0.0 149.2781982421875 152.7301483154297 264.97296142578125
4.jpg 0.14844392240047455 128.02642822265625 95.25104522705078 173.56350708007812 145.10145568847656
4.jpg 0.14555026590824127 0.0 213.89291381835938 152.7128448486328 300.0
4.jpg 0.144080251455307 252.858642578125 0.0 300.0 112.35110473632812
4.jpg 0.14211101830005646 206.268310546875 161.22433471679688 300.0 300.0
4.jpg 0.13889718055725098 48.60568618774414 152.44590759277344 95.2603759765625 205.35519409179688
4.jpg 0.13546033203601837 206.01622009277344 127.48065948486328 227.2938232421875 169.45663452148438
4.jpg 0.1351017951965332 117.72930908203125 0.0 300.0 87.22581481933594
4.jpg 0.13488638401031494 173.38111877441406 93.89308166503906 197.795654296875 135.0140380859375
4.jpg 0.13212992250919342 100.58934020996094 174.7032470703125 142.14895629882812 195.3690948486328
4.jpg 0.13156597316265106 0.0 0.0 145.3147735595703 85.3011474609375
4.jpg 0.13015010952949524 214.87844848632812 111.48490905761719 235.25701904296875 149.28900146484375
4.jpg 0.13010859489440918 174.20883178710938 110.19039154052734 196.71092224121094 152.57614135742188
4.jpg 0.1293862909078598 0.0 117.41106414794922 25.152204513549805 159.99635314941406
4.jpg 0.12925997376441956 31.61028480529785 180.5153350830078 54.54237747192383 222.86476135253906
4.jpg 0.12873093783855438 141.81288146972656 78.15363311767578 191.8665771484375 125.50515747070312
4.jpg 0.12840156257152557 5.1374897956848145 158.2621307373047 50.497440338134766 180.30970764160156
4.jpg 0.12716162204742432 173.80557250976562 78.05340576171875 197.31101989746094 119.53765106201172
4.jpg 0.1270700842142105 224.0750732421875 0.0 287.96563720703125 122.7134017944336
4.jpg 0.12646925449371338 163.00209045410156 221.4470977783203 206.8791046142578 243.54771423339844
4.jpg 0.12627436220645905 107.6473617553711 62.26873779296875 156.1815643310547 114.04717254638672
4.jpg 0.12521401047706604 262.2193908691406 124.0545425415039 300.0 175.4325408935547
4.jpg 0.12498997896909714 4.565130710601807 142.1905975341797 49.77728271484375 164.2739715576172
4.jpg 0.12490289658308029 92.67848205566406 196.91696166992188 135.32601928710938 239.89361572265625
4.jpg 0.12449261546134949 68.87076568603516 142.38409423828125 112.23092651367188 164.38644409179688
4.jpg 0.1243968978524208 0.0 53.235511779785156 296.77459716796875 240.80564880371094
4.jpg 0.12430638819932938 169.15345764160156 125.52536010742188 212.04562377929688 170.21090698242188
4.jpg 0.12366584688425064 273.5101623535156 150.60714721679688 300.0 172.40237426757812
4.jpg 0.12343230098485947 163.19937133789062 237.38330078125 207.55165100097656 259.47650146484375
4.jpg 0.12253046780824661 76.81690979003906 202.2095489501953 128.9396514892578 255.44415283203125
4.jpg 0.12237583845853806 140.14292907714844 195.275146484375 184.9534912109375 239.36187744140625
4.jpg 0.122306689620018 100.77584838867188 142.5845184326172 143.59751892089844 164.33074951171875
4.jpg 0.12229656428098679 148.5489044189453 150.7568359375 191.370849609375 172.7037353515625
4.jpg 0.12179010361433029 37.0606575012207 142.15280151367188 80.79373168945312 164.66119384765625
4.jpg 0.12171021848917007 37.26113510131836 158.27493286132812 81.43898010253906 179.92340087890625
4.jpg 0.1216292604804039 20.7877140045166 169.68777465820312 50.71223831176758 200.813232421875
4.jpg 0.12113946676254272 6.23153829574585 222.0543212890625 48.6356201171875 244.01438903808594
4.jpg 0.1209292933344841 243.57867431640625 72.18611145019531 284.4879150390625 92.57394409179688
4.jpg 0.12069470435380936 131.56930541992188 237.60877990722656 176.0308380126953 259.138916015625
4.jpg 0.12049566954374313 64.0711441040039 164.547119140625 85.84529113769531 204.83200073242188
4.jpg 0.12036780267953873 163.58633422851562 253.1532745361328 207.0608367919922 274.947265625
4.jpg 0.12018731981515884 116.04010772705078 134.92872619628906 159.1570587158203 156.9495086669922
4.jpg 0.12004701048135757 195.1937255859375 253.0819091796875 238.51007080078125 274.8481750488281
4.jpg 0.1197495311498642 64.20442962646484 182.42453002929688 85.88462829589844 221.05374145507812
4.jpg 0.11972185224294662 195.30967712402344 221.25421142578125 238.5123748779297 243.74757385253906
4.jpg 0.11961822956800461 5.533877849578857 253.13131713867188 48.95223617553711 274.866943359375
4.jpg 0.11957582086324692 195.2606964111328 237.2317352294922 238.90521240234375 259.36480712890625
4.jpg 0.11952565610408783 131.9432830810547 253.25941467285156 175.31027221679688 274.98663330078125
4.jpg 0.11944527179002762 0.0 162.7702178955078 286.1874694824219 300.0
4.jpg 0.11941371858119965 68.87451171875 158.22537231445312 112.2644271850586 179.7283935546875
4.jpg 0.11936759948730469 5.9103546142578125 237.37448120117188 49.23637390136719 259.47369384765625
4.jpg 0.1192261278629303 108.50602722167969 191.0284881591797 155.69216918945312 213.1561279296875
4.jpg 0.11917777359485626 132.4838104248047 142.67442321777344 175.4253387451172 164.34756469726562
4.jpg 0.11910031735897064 263.49798583984375 15.70791244506836 300.0 67.60760498046875
4.jpg 0.1190960630774498 273.78619384765625 166.3207550048828 300.0 188.46304321289062
4.jpg 0.11898082494735718 30.269311904907227 44.64458084106445 83.54570007324219 98.89562225341797
4.jpg 0.11888057738542557 139.83657836914062 190.0216827392578 185.69515991210938 211.9996795654297
4.jpg 0.11886889487504959 210.82974243164062 39.92289352416992 254.5768280029297 61.780662536621094
4.jpg 0.1186339259147644 116.14141082763672 71.49151611328125 160.41799926757812 93.40755462646484
4.jpg 0.11853769421577454 52.406883239746094 267.154052734375 123.46195220947266 300.0
4.jpg 0.11853546649217606 242.60443115234375 40.00864791870117 286.0296325683594 61.772037506103516
4.jpg 0.11850640177726746 116.37311553955078 150.5726318359375 159.59848022460938 172.62925720214844
4.jpg 0.11838525533676147 147.65841674804688 55.65662384033203 191.9576416015625 77.54163360595703
4.jpg 0.118236243724823 179.24057006835938 135.4717254638672 221.57769775390625 156.82908630371094
4.jpg 0.11816836148500443 37.18695831298828 253.1339569091797 80.3982925415039 274.8787841796875
4.jpg 0.11809779703617096 135.1896209716797 0.0 197.3834686279297 120.48719787597656
4.jpg 0.11798503249883652 195.02511596679688 268.7028503417969 237.39297485351562 290.4371337890625
4.jpg 0.11794120818376541 274.090087890625 245.2560577392578 300.0 266.94891357421875
4.jpg 0.11789889633655548 253.4389190673828 8.174659729003906 274.4819030761719 49.01942443847656
4.jpg 0.11753780394792557 179.338623046875 55.66474914550781 223.27578735351562 77.46136474609375
4.jpg 0.11746390163898468 100.40116119384766 253.2595977783203 143.73521423339844 274.8880920410156
4.jpg 0.11721312254667282 206.51492309570312 110.55386352539062 227.8860626220703 154.0792999267578
4.jpg 0.1172022819519043 274.0279541015625 229.4342803955078 300.0 251.4331512451172
4.jpg 0.11719293147325516 116.31209564208984 245.30606079101562 159.5645751953125 266.9096374511719
4.jpg 0.11719014495611191 195.3766632080078 205.4159393310547 238.37051391601562 227.76710510253906
4.jpg 0.11718299984931946 195.1970672607422 142.44847106933594 238.7691192626953 164.55270385742188
4.jpg 0.11717624962329865 242.61415100097656 245.29550170898438 285.88958740234375 266.92144775390625
4.jpg 0.1171664223074913 111.3916244506836 114.75790405273438 157.698974609375 163.35435485839844
4.jpg 0.11713404208421707 211.04376220703125 245.30531311035156 254.3053741455078 266.9149475097656
4.jpg 0.11713291704654694 147.88600158691406 245.30532836914062 191.14764404296875 266.9149475097656
4.jpg 0.11713291704654694 179.4649658203125 245.30532836914062 222.72659301757812 266.9149475097656
4.jpg 0.11712627112865448 273.952880859375 213.6353302001953 300.0 235.80947875976562
4.jpg 0.1171242967247963 148.66769409179688 135.83750915527344 189.6969757080078 157.04080200195312
4.jpg 0.11709877103567123 123.93531036376953 128.04071044921875 174.310546875 174.3660125732422
4.jpg 0.11705344915390015 69.01319885253906 126.75191497802734 112.17388153076172 148.6814727783203
4.jpg 0.11701005697250366 195.54344177246094 97.63099670410156 223.55368041992188 127.25633239746094
4.jpg 0.11700225621461868 274.2667541503906 40.066261291503906 300.0 61.83841323852539
4.jpg 0.11696857959032059 68.904296875 253.147705078125 112.048828125 274.8718566894531
4.jpg 0.11695209890604019 195.19622802734375 126.68392181396484 238.7774658203125 148.7749481201172
4.jpg 0.11694487929344177 85.90798950195312 164.06256103515625 127.13844299316406 205.74716186523438
4.jpg 0.11688749492168427 195.1944580078125 63.52769470214844 238.78500366210938 85.6214828491211
4.jpg 0.11687155067920685 195.19593811035156 110.89437866210938 238.7704620361328 132.98648071289062
4.jpg 0.11687025427818298 195.196044921875 79.31552124023438 238.77064514160156 101.4075698852539
4.jpg 0.11687025427818298 195.196044921875 95.10498809814453 238.77064514160156 117.19703674316406
4.jpg 0.11678414791822433 179.21847534179688 39.91728591918945 223.1591796875 61.79068374633789
4.jpg 0.11670273542404175 84.93061828613281 245.30606079101562 127.8221664428711 266.8730773925781
4.jpg 0.11658288538455963 21.44477653503418 260.8426818847656 65.22052001953125 282.427490234375
4.jpg 0.11655393987894058 38.04279708862305 237.48114013671875 80.80687713623047 259.49273681640625
4.jpg 0.11653294414281845 116.1966552734375 55.75932693481445 160.11337280273438 77.63943481445312
4.jpg 0.11646652966737747 195.10043334960938 47.78266906738281 238.8207550048828 69.85938262939453
4.jpg 0.11644045263528824 100.50031280517578 126.85401916503906 143.97872924804688 148.6842498779297
4.jpg 0.11634774506092072 195.2423858642578 158.18460083007812 238.80165100097656 180.3140411376953
4.jpg 0.11629705876111984 30.97175407409668 139.5503692626953 81.66290283203125 190.7130889892578
4.jpg 0.11622048169374466 163.689208984375 142.5250701904297 207.1796875 164.51658630371094
4.jpg 0.11613963544368744 268.7104797363281 253.46714782714844 300.0 300.0
4.jpg 0.11609803140163422 147.77017211914062 71.49525451660156 192.21279907226562 93.13310241699219
4.jpg 0.11605595052242279 163.3171844482422 268.76654052734375 206.1636199951172 290.437255859375
4.jpg 0.11599556356668472 51.51237869262695 169.30299377441406 81.65983581542969 199.05284118652344
4.jpg 0.11598363518714905 132.0983123779297 126.84162139892578 175.54359436035156 148.7061004638672
4.jpg 0.11595746874809265 194.34255981445312 0.0 257.4786071777344 119.70848846435547
4.jpg 0.1159539669752121 116.00484466552734 103.12635803222656 160.04562377929688 125.29869842529297
4.jpg 0.1157590001821518 64.09258270263672 198.49798583984375 85.4236068725586 238.0943603515625
4.jpg 0.11574408411979675 131.88082885742188 268.863037109375 174.55453491210938 290.44244384765625
4.jpg 0.11569297313690186 211.64453125 72.58268737792969 254.6523895263672 93.05192565917969
4.jpg 0.11565288156270981 100.25251770019531 268.8794860839844 142.97413635253906 290.4671936035156
4.jpg 0.11553394049406052 190.8203125 6.9223480224609375 211.4110870361328 48.33839416503906
4.jpg 0.11549652367830276 116.19120025634766 166.28720092773438 159.69482421875 188.26361083984375
4.jpg 0.11546799540519714 211.3680877685547 55.58938217163086 254.31353759765625 77.4735336303711
4.jpg 0.11543624848127365 84.74484252929688 150.46043395996094 127.9725341796875 172.48895263671875
4.jpg 0.11537331342697144 242.49258422851562 213.6212158203125 286.1370544433594 235.63156127929688
4.jpg 0.11536726355552673 68.60076141357422 268.85650634765625 111.34777069091797 290.4776306152344
4.jpg 0.1153281033039093 37.05963134765625 268.83453369140625 79.75061798095703 290.4729309082031
4.jpg 0.11529755592346191 5.540236949920654 268.83935546875 48.18794250488281 290.455078125
4.jpg 0.11527275294065475 264.1527099609375 78.97061157226562 300.0 128.3815155029297
4.jpg 0.11526721715927124 116.10016632080078 260.96527099609375 158.7067413330078 282.54278564453125
4.jpg 0.11524436622858047 211.13555908203125 166.34878540039062 254.27537536621094 188.2206573486328
4.jpg 0.11523126810789108 5.7532267570495605 47.95085144042969 49.260257720947266 69.78535461425781
4.jpg 0.11519192159175873 273.9842834472656 260.9566955566406 300.0 282.54803466796875
4.jpg 0.11518628895282745 242.41014099121094 260.9622497558594 285.0242004394531 282.54510498046875
4.jpg 0.11518411338329315 210.83180236816406 260.962646484375 253.44534301757812 282.5450134277344
4.jpg 0.11518366634845734 147.67393493652344 260.9626770019531 190.2874755859375 282.5450134277344
4.jpg 0.11518366634845734 179.2528839111328 260.9626770019531 221.86642456054688 282.5450134277344
4.jpg 0.11515647917985916 242.02276611328125 28.555320739746094 271.6313171386719 58.43783950805664
4.jpg 0.11514196544885635 242.62071228027344 229.50001525878906 286.26483154296875 251.32371520996094
4.jpg 0.11514131724834442 84.65274047851562 134.57887268066406 128.0248260498047 156.7276611328125
4.jpg 0.11501307040452957 163.56231689453125 126.76692962646484 207.2494659423828 148.77532958984375
4.jpg 0.1149631142616272 147.67735290527344 39.96884536743164 191.64004516601562 61.85462188720703
4.jpg 0.11488611996173859 116.34528350830078 229.5369873046875 159.93911743164062 251.30308532714844
4.jpg 0.11488284170627594 84.68477630615234 260.970947265625 126.95549774169922 282.52105712890625
4.jpg 0.11487950384616852 126.2995376586914 233.30296325683594 173.56654357910156 284.2308349609375
4.jpg 0.11484745144844055 179.63050842285156 166.2978057861328 222.69866943359375 188.26573181152344
4.jpg 0.1148359477519989 211.08009338378906 229.53573608398438 254.68136596679688 251.30784606933594
4.jpg 0.11483363062143326 147.92295837402344 229.5364227294922 191.52276611328125 251.30801391601562
4.jpg 0.11483363062143326 179.5019073486328 229.5364227294922 223.10171508789062 251.30801391601562
4.jpg 0.11478953063488007 206.65493774414062 0.0 227.20777893066406 40.34697341918945
4.jpg 0.11478792130947113 175.07606506347656 0.0 195.6288604736328 40.34711837768555
4.jpg 0.11478620767593384 96.12870025634766 6.893764495849609 116.6815185546875 48.24187469482422
4.jpg 0.11478613317012787 64.54975891113281 6.893746376037598 85.10257720947266 48.24188232421875
4.jpg 0.11478612571954727 238.23388671875 0.0 258.7867431640625 40.34689712524414
4.jpg 0.1147855669260025 32.970787048339844 6.893719673156738 53.523643493652344 48.241886138916016
4.jpg 0.11478527635335922 269.8128662109375 0.0 290.3656921386719 40.34699630737305
4.jpg 0.1147846058011055 1.3918440341949463 6.89365291595459 21.944711685180664 48.2418327331543
4.jpg 0.11478286981582642 127.70764923095703 6.893589973449707 148.2603302001953 48.241981506347656
4.jpg 0.11477243900299072 143.49925231933594 0.0 164.05201721191406 40.34663009643555
4.jpg 0.11474213749170303 159.29051208496094 6.890570163726807 179.82972717285156 48.248783111572266
4.jpg 0.11472652107477188 222.1640625 7.587803840637207 243.12466430664062 48.71235656738281
4.jpg 0.11472081393003464 273.8115234375 197.7633819580078 300.0 220.06924438476562
4.jpg 0.11471284180879593 116.31144714355469 213.7096405029297 159.7716064453125 235.5637664794922
4.jpg 0.1146700456738472 211.04415893554688 213.70779418945312 254.5141143798828 235.5693359375
4.jpg 0.11465266346931458 147.88880920410156 213.70916748046875 191.3555908203125 235.56924438476562
4.jpg 0.11465266346931458 179.4677734375 213.70916748046875 222.93453979492188 235.56924438476562
4.jpg 0.11462181806564331 20.916231155395508 213.32992553710938 65.46202087402344 235.5924072265625
4.jpg 0.11461355537176132 37.417903900146484 63.659088134765625 80.83612823486328 85.56537628173828
4.jpg 0.11460120975971222 20.825864791870117 39.6937370300293 65.53697204589844 61.9609375
4.jpg 0.11458772420883179 243.37432861328125 55.933258056640625 285.5956726074219 77.47394561767578
4.jpg 0.11457076668739319 26.414552688598633 211.9375 71.9351577758789 255.3583526611328
4.jpg 0.11455539613962173 84.90750122070312 213.7071533203125 128.0282440185547 235.52023315429688
4.jpg 0.11454892158508301 147.9177703857422 166.22213745117188 191.18014526367188 188.33334350585938
4.jpg 0.11450567841529846 116.24061584472656 182.1016082763672 159.74130249023438 204.03009033203125
4.jpg 0.1144619882106781 147.70899963378906 182.08676147460938 191.3203887939453 204.04861450195312
4.jpg 0.11446121335029602 163.5547332763672 63.60452651977539 207.24302673339844 85.62515258789062
4.jpg 0.11445441842079163 163.55482482910156 110.9701156616211 207.22738647460938 132.98915100097656
4.jpg 0.11445244401693344 20.904205322265625 197.5397186279297 65.456787109375 219.8157501220703
4.jpg 0.11444589495658875 163.55502319335938 95.18101501464844 207.22811889648438 117.19999694824219
4.jpg 0.11444588750600815 163.55502319335938 79.39154815673828 207.22811889648438 101.41053009033203
4.jpg 0.1144351065158844 20.90267562866211 55.434818267822266 65.46185302734375 77.71385955810547
4.jpg 0.11443223804235458 20.90412139892578 102.80294036865234 65.45671081542969 125.0790786743164
4.jpg 0.11443188786506653 20.904050827026367 118.59241485595703 65.45671081542969 140.86856079101562
4.jpg 0.11443167924880981 20.904088973999023 134.3819122314453 65.45664978027344 156.65805053710938
4.jpg 0.11443136632442474 20.904186248779297 87.01348114013672 65.45670318603516 109.28956604003906
4.jpg 0.11443112045526505 20.904268264770508 71.22402954101562 65.4566650390625 93.50010681152344
6.jpg 0.16951708495616913 0.0 87.52813720703125 149.4068603515625 201.77017211914062
6.jpg 0.1586320996284485 0.0 27.9271297454834 148.09152221679688 143.9246826171875
6.jpg 0.1584947407245636 0.0 148.41419982910156 152.626708984375 261.8894958496094
6.jpg 0.15407006442546844 97.75215911865234 113.86739349365234 139.61849975585938 158.03582763671875
6.jpg 0.1533457189798355 77.1818618774414 61.55977249145508 126.06558227539062 109.9969482421875
6.jpg 0.15199679136276245 106.70808410644531 145.65780639648438 154.90147399902344 190.31759643554688
6.jpg 0.1426505446434021 205.70065307617188 160.8025360107422 300.0 300.0
6.jpg 0.14251218736171722 252.38790893554688 0.0 300.0 111.34823608398438
6.jpg 0.14039739966392517 190.62767028808594 111.9748764038086 238.3139190673828 160.665771484375
6.jpg 0.14006797969341278 265.3612365722656 112.28921508789062 300.0 162.2991485595703
6.jpg 0.13864263892173767 81.28297424316406 112.85711669921875 124.67920684814453 159.70704650878906
6.jpg 0.13646091520786285 121.66255187988281 0.0 300.0 86.30120086669922
6.jpg 0.1362907588481903 171.9581298828125 63.30023956298828 222.0230712890625 110.93820190429688
6.jpg 0.13570038974285126 92.06067657470703 161.7091827392578 139.36126708984375 204.4386749267578
6.jpg 0.13062609732151031 23.65655517578125 119.56732940673828 65.88597869873047 138.46241760253906
6.jpg 0.1302906721830368 0.0 213.7368927001953 152.98153686523438 300.0
6.jpg 0.12972091138362885 50.98141860961914 255.25827026367188 81.38076782226562 286.2951965332031
6.jpg 0.12936577200889587 106.23667907714844 265.1550598144531 168.6277313232422 300.0
6.jpg 0.12885870039463043 4.717653751373291 209.50376892089844 34.43998718261719 238.2096710205078
6.jpg 0.1277402639389038 237.18893432617188 189.04856872558594 260.5900573730469 230.15162658691406
6.jpg 0.12742339074611664 16.994348526000977 128.04953002929688 40.01100540161133 167.7554168701172
6.jpg 0.126930370926857 187.20172119140625 141.6592254638672 239.6498565673828 191.646728515625
6.jpg 0.1269182413816452 47.963768005371094 109.92330932617188 71.17900848388672 150.6577911376953
6.jpg 0.12683366239070892 61.43346405029297 230.48092651367188 105.53736114501953 252.57725524902344
6.jpg 0.1267494112253189 16.565011978149414 204.3407745361328 39.36661911010742 246.71505737304688
6.jpg 0.12665146589279175 7.145744323730469 174.9202423095703 47.6664924621582 195.29844665527344
6.jpg 0.12632715702056885 61.346370697021484 119.58084106445312 109.71711730957031 141.34127807617188
6.jpg 0.12624536454677582 17.122737884521484 94.60342407226562 39.988983154296875 136.0615997314453
6.jpg 0.12588046491146088 47.929569244384766 206.59100341796875 71.0639419555664 245.1927490234375
6.jpg 0.1257755160331726 124.19700622558594 141.71014404296875 173.1743927001953 189.64454650878906
6.jpg 0.12563525140285492 179.5579833984375 213.9663543701172 223.44886779785156 235.80287170410156
6.jpg 0.12533468008041382 15.315027236938477 191.23695373535156 61.44351577758789 213.134521484375
6.jpg 0.12428297102451324 269.34381103515625 205.06137084960938 293.24835205078125 244.45654296875
6.jpg 0.1240745410323143 5.342670917510986 131.29934692382812 35.700931549072266 161.78419494628906
6.jpg 0.12405657768249512 0.0 0.0 150.2246551513672 85.29539489746094
6.jpg 0.12351866066455841 74.67854309082031 145.3458251953125 126.2486801147461 191.92893981933594
6.jpg 0.12348347902297974 6.218188762664795 194.12637329101562 35.513885498046875 224.8572998046875
6.jpg 0.12253203243017197 21.93903160095215 104.55545806884766 64.9051513671875 123.68513488769531
6.jpg 0.121962770819664 204.2769317626953 78.28865814208984 256.5797424316406 126.52997589111328
6.jpg 0.12171711772680283 115.63577270507812 260.52239990234375 158.363525390625 282.8311767578125
6.jpg 0.12158411741256714 262.9307861328125 14.872310638427734 300.0 67.46385955810547
6.jpg 0.12130595743656158 0.0 178.4329071044922 33.61167907714844 223.2858428955078
6.jpg 0.12125928699970245 242.5143585205078 150.2368927001953 286.70758056640625 172.14356994628906
6.jpg 0.120824433863163 52.999568939208984 103.51409149169922 95.29847717285156 124.08756256103516
6.jpg 0.12081658840179443 169.95489501953125 31.587772369384766 222.55941772460938 80.4212646484375
6.jpg 0.12056832760572433 48.537841796875 93.11393737792969 70.62787628173828 135.6140594482422
6.jpg 0.12054803967475891 250.71060180664062 213.1748809814453 294.98797607421875 237.48577880859375
6.jpg 0.12025922536849976 274.4656982421875 150.24411010742188 300.0 172.07376098632812
6.jpg 0.12004116177558899 134.5596923828125 0.0 197.56431579589844 119.00450134277344
6.jpg 0.11996956169605255 273.9952087402344 134.5807647705078 300.0 156.47528076171875
6.jpg 0.11996398121118546 137.16380310058594 203.6399383544922 188.74778747558594 252.7926788330078
6.jpg 0.11994618922472 223.35198974609375 0.0 287.5417175292969 120.49823760986328
6.jpg 0.119832344353199 104.4563217163086 0.0 168.03851318359375 118.38297271728516
6.jpg 0.11983123421669006 5.828062534332275 142.5480499267578 49.07770919799805 164.37486267089844
6.jpg 0.11968226730823517 0.0 174.74900817871094 26.08867835998535 198.00315856933594
6.jpg 0.11964941024780273 92.48184204101562 118.87687683105469 137.3820343017578 140.75088500976562
6.jpg 0.1195816919207573 236.90695190429688 172.9251251220703 260.1634826660156 213.86830139160156
6.jpg 0.11942727118730545 195.14373779296875 253.06288146972656 238.5098419189453 274.8061828613281
6.jpg 0.11937801539897919 0.0 233.84454345703125 41.10560607910156 276.7625732421875
6.jpg 0.11910060048103333 210.76467895507812 150.36302185058594 255.19969177246094 172.26162719726562
6.jpg 0.11882945150136948 85.1435317993164 150.54246520996094 127.61493682861328 171.89102172851562
6.jpg 0.11872785538434982 12.787127494812012 0.0 77.92803192138672 114.55060577392578
6.jpg 0.11866051703691483 16.915515899658203 222.97076416015625 40.29792404174805 262.4869079589844
6.jpg 0.1185833215713501 45.15499496459961 0.0 107.05218505859375 112.99137878417969
6.jpg 0.11850567162036896 269.1521911621094 190.02188110351562 292.4619445800781 228.55953979492188
6.jpg 0.11835882812738419 147.5147247314453 260.7630310058594 189.653076171875 282.8348693847656
6.jpg 0.11834655702114105 125.45722198486328 112.08967590332031 173.4519805908203 158.6937255859375
6.jpg 0.11833249032497406 37.56403350830078 142.64022827148438 80.69754028320312 164.41220092773438
6.jpg 0.11831497400999069 163.53440856933594 253.0921173095703 207.07728576660156 274.8223571777344
6.jpg 0.11824896186590195 68.65091705322266 268.5653991699219 110.78951263427734 290.54931640625
6.jpg 0.11824455112218857 269.0786437988281 254.31362915039062 292.6503601074219 295.099365234375
6.jpg 0.11811448633670807 195.19082641601562 237.2448272705078 238.9783935546875 259.22760009765625
6.jpg 0.11795094609260559 195.0194549560547 268.7034606933594 237.39474487304688 290.43145751953125
6.jpg 0.11789889633655548 253.4389190673828 8.174659729003906 274.4819030761719 49.01942443847656
6.jpg 0.11774059385061264 210.8730926513672 166.27671813964844 255.5886688232422 187.8922882080078
6.jpg 0.11770958453416824 275.460205078125 230.65399169921875 300.0 249.82864379882812
6.jpg 0.11769653111696243 21.10837745666504 71.09469604492188 65.40994262695312 93.37287139892578
6.jpg 0.11769405752420425 100.83848571777344 253.14073181152344 143.42710876464844 274.8720397949219
6.jpg 0.11756520718336105 61.35466003417969 91.24408721923828 111.51860046386719 143.77491760253906
6.jpg 0.11754757165908813 179.02728271484375 230.00172424316406 223.31741333007812 251.48936462402344
6.jpg 0.11751767247915268 179.39913940429688 166.31678771972656 223.457275390625 188.16152954101562
6.jpg 0.11749562621116638 132.0936279296875 253.1873779296875 175.3880615234375 274.8090515136719
6.jpg 0.11744259297847748 163.70127868652344 0.0 227.4696502685547 118.8228530883789
6.jpg 0.11737308651208878 195.2012481689453 221.42588806152344 238.80299377441406 243.5011749267578
6.jpg 0.11735238134860992 56.57029724121094 200.6746826171875 205.11148071289062 300.0
6.jpg 0.11735229194164276 92.89836883544922 129.52786254882812 138.70875549316406 171.8809051513672
6.jpg 0.11731252074241638 242.43450927734375 134.60687255859375 286.343017578125 156.5079803466797
6.jpg 0.11728934198617935 216.82235717773438 277.7819519042969 261.8138427734375 299.63604736328125
6.jpg 0.11728732287883759 245.2819366455078 187.427734375 294.5002136230469 231.04843139648438
6.jpg 0.11727108061313629 68.64958190917969 220.95216369628906 111.53889465332031 243.3836669921875
6.jpg 0.11715346574783325 147.91355895996094 244.88092041015625 190.9222869873047 267.2107849121094
6.jpg 0.1169341504573822 147.8231658935547 213.3223114013672 191.28195190429688 235.83987426757812
6.jpg 0.11691178381443024 54.29634094238281 167.79237365722656 96.56040954589844 186.63990783691406
6.jpg 0.11689166724681854 195.1960906982422 205.63095092773438 238.77066040039062 227.72308349609375
6.jpg 0.11688749492168427 195.1944580078125 63.52769470214844 238.78500366210938 85.6214828491211
6.jpg 0.11687025427818298 195.196044921875 79.31552124023438 238.77064514160156 101.4075698852539
6.jpg 0.11687025427818298 195.196044921875 95.10498809814453 238.77064514160156 117.19703674316406
6.jpg 0.11687025427818298 195.196044921875 110.89446258544922 238.77064514160156 132.98651123046875
6.jpg 0.11687025427818298 195.196044921875 126.68394470214844 238.77064514160156 148.77598571777344
6.jpg 0.11687025427818298 195.196044921875 142.47341918945312 238.77064514160156 164.56549072265625
6.jpg 0.11687025427818298 195.196044921875 158.26287841796875 238.77064514160156 180.35494995117188
6.jpg 0.11687025427818298 195.196044921875 174.0523681640625 238.77064514160156 196.14443969726562
6.jpg 0.11687025427818298 195.196044921875 189.8418426513672 238.77064514160156 211.93389892578125
6.jpg 0.11665192246437073 36.28009033203125 268.5204772949219 79.09085083007812 289.9161682128906
6.jpg 0.1166476458311081 94.38947296142578 81.17046356201172 140.4319305419922 124.66661834716797
6.jpg 0.11658701300621033 0.0 159.82521057128906 284.8976745605469 300.0
6.jpg 0.11646652966737747 195.10043334960938 47.78266906738281 238.8207550048828 69.85938262939453
6.jpg 0.11635580658912659 179.308837890625 150.5008544921875 223.2172088623047 172.35488891601562
6.jpg 0.11625400185585022 85.30986022949219 71.64775085449219 127.9102554321289 93.28691864013672
6.jpg 0.11624759435653687 69.0154800415039 142.6300811767578 112.36812591552734 164.4954833984375
6.jpg 0.11615988612174988 6.764338970184326 158.53126525878906 48.433834075927734 179.9980926513672
6.jpg 0.11615506559610367 0.0 268.0077209472656 45.78293228149414 300.0
6.jpg 0.11610042303800583 225.18161010742188 211.02146911621094 254.93606567382812 239.46900939941406
6.jpg 0.11609909683465958 179.27352905273438 181.9434356689453 223.67538452148438 204.04307556152344
6.jpg 0.11603394895792007 20.849998474121094 55.38031005859375 65.4743881225586 77.63521575927734
6.jpg 0.1159614846110344 204.65188598632812 96.87751007080078 257.45782470703125 143.13232421875
6.jpg 0.11591656506061554 83.51863861083984 260.407470703125 126.8033447265625 282.2077331542969
6.jpg 0.11582300812005997 100.44490051269531 268.79669189453125 142.6245574951172 290.4992980957031
6.jpg 0.11580130457878113 0.0 277.5588073730469 25.621543884277344 298.6432189941406
6.jpg 0.11579019576311111 147.8712158203125 229.1300811767578 191.51043701171875 251.65399169921875
6.jpg 0.11576240509748459 116.09727478027344 244.7577667236328 159.03427124023438 266.911376953125
6.jpg 0.1156836599111557 163.3014373779297 268.7578125 206.15455627441406 290.4355163574219
6.jpg 0.11553394049406052 190.8203125 6.9223480224609375 211.4110870361328 48.33839416503906
6.jpg 0.11550384759902954 84.94123077392578 55.804439544677734 127.98176574707031 77.6167984008789
6.jpg 0.11548780649900436 163.58663940429688 237.32186889648438 207.42019653320312 259.23797607421875
6.jpg 0.11540324985980988 131.8734588623047 268.84515380859375 174.5142059326172 290.4385986328125
6.jpg 0.11540279537439346 132.15757751464844 221.57872009277344 175.5074005126953 243.46475219726562
6.jpg 0.11532795429229736 132.15084838867188 237.41664123535156 175.74139404296875 259.21087646484375
6.jpg 0.11522943526506424 210.88577270507812 134.67701721191406 254.74520874023438 156.55274963378906
6.jpg 0.11520110070705414 100.89060974121094 237.2648162841797 143.72283935546875 259.3485412597656
6.jpg 0.11519033461809158 100.70731353759766 221.27171325683594 143.3653106689453 243.6320343017578
6.jpg 0.11516988277435303 5.786437034606934 126.86119079589844 49.23854446411133 148.71751403808594
6.jpg 0.11515647917985916 242.02276611328125 28.555320739746094 271.6313171386719 58.43783950805664
6.jpg 0.11513708531856537 275.59027099609375 199.40528869628906 300.0 216.17588806152344
6.jpg 0.11511459946632385 116.37849426269531 71.5676040649414 159.76458740234375 93.41925811767578
6.jpg 0.11506950855255127 179.4473876953125 134.73818969726562 222.99143981933594 156.60482788085938
6.jpg 0.11505193263292313 277.2668762207031 184.9575653076172 300.0 202.2318572998047
6.jpg 0.11502967029809952 265.7268371582031 78.75408935546875 300.0 126.8999252319336
6.jpg 0.11495618522167206 163.56179809570312 221.50048828125 207.26092529296875 243.50106811523438
6.jpg 0.11492736637592316 226.1442413330078 226.06797790527344 255.98504638671875 255.4713897705078
6.jpg 0.11488531529903412 37.36351776123047 126.8669662475586 80.80974578857422 148.7271270751953
6.jpg 0.11484508961439133 178.93556213378906 262.06475830078125 220.5706329345703 282.73602294921875
6.jpg 0.11483749747276306 274.1817626953125 118.95508575439453 300.0 140.8197021484375
6.jpg 0.11478622257709503 175.07608032226562 0.0 195.62887573242188 40.34714126586914
6.jpg 0.11478622257709503 206.65501403808594 0.0 227.2078094482422 40.34714126586914
6.jpg 0.11478622257709503 238.2339630126953 0.0 258.7867736816406 40.34714126586914
6.jpg 0.11478622257709503 269.81292724609375 0.0 290.36572265625 40.34714126586914
6.jpg 0.11478622257709503 1.391859769821167 6.8937668800354 21.944671630859375 48.24188232421875
6.jpg 0.11478622257709503 32.97080993652344 6.8937668800354 53.52362060546875 48.24188232421875
6.jpg 0.11478622257709503 64.54975891113281 6.8937668800354 85.10256958007812 48.24188232421875
6.jpg 0.11478622257709503 96.12869262695312 6.8937668800354 116.68151092529297 48.24188232421875
6.jpg 0.11478286981582642 127.70764923095703 6.893589973449707 148.2603302001953 48.241981506347656
6.jpg 0.11477699130773544 100.51432800292969 142.6432647705078 143.9830780029297 164.5237579345703
6.jpg 0.11477150768041611 143.499267578125 0.0 164.05201721191406 40.34661865234375
6.jpg 0.11475446820259094 116.30296325683594 55.81322479248047 159.77041625976562 77.68112182617188
6.jpg 0.11474213749170303 159.29051208496094 6.890570163726807 179.82972717285156 48.248783111572266
6.jpg 0.11472652107477188 222.1640625 7.587803840637207 243.12466430664062 48.71235656738281
6.jpg 0.11472289264202118 222.65115356445312 157.34066772460938 267.9195861816406 208.71148681640625
6.jpg 0.11471113562583923 132.1415252685547 205.7729949951172 175.41293334960938 227.6671905517578
6.jpg 0.11470046639442444 9.006571769714355 170.12437438964844 49.44722366333008 214.25645446777344
6.jpg 0.11465287953615189 48.62992477416992 126.8570785522461 96.0994873046875 174.71759033203125
6.jpg 0.11464270204305649 20.828948974609375 39.693382263183594 65.53658294677734 61.95896911621094
6.jpg 0.11460760235786438 56.15290451049805 151.17762756347656 96.15678405761719 171.8807830810547
6.jpg 0.1145777627825737 179.19541931152344 197.75277709960938 223.34439086914062 219.9402313232422
6.jpg 0.11457324773073196 69.21174621582031 252.98619079589844 111.65724182128906 274.88714599609375
6.jpg 0.11448076367378235 242.59600830078125 118.95481872558594 286.1158142089844 140.8330841064453
6.jpg 0.11447741836309433 163.55397033691406 205.70713806152344 207.22901916503906 227.72596740722656
6.jpg 0.11447154730558395 179.46315002441406 118.96499633789062 222.8880157470703 140.83839416503906
6.jpg 0.11446121335029602 163.5547332763672 63.60452651977539 207.24302673339844 85.62515258789062
6.jpg 0.1144556924700737 132.06735229492188 158.4174041748047 175.55015563964844 180.3043670654297
6.jpg 0.11445003002882004 163.5537567138672 189.91781616210938 207.22866821289062 211.9368133544922
6.jpg 0.1144491583108902 163.55392456054688 174.12838745117188 207.22854614257812 196.14732360839844
6.jpg 0.11444588750600815 163.55502319335938 79.39154815673828 207.22811889648438 101.41053009033203
6.jpg 0.11444588750600815 163.55502319335938 95.18101501464844 207.22811889648438 117.19999694824219
6.jpg 0.11444588750600815 163.55502319335938 110.97048950195312 207.22811889648438 132.98947143554688
6.jpg 0.11444588750600815 163.5550079345703 126.75994873046875 207.22808837890625 148.77894592285156
6.jpg 0.11444563418626785 163.55491638183594 142.5493927001953 207.22796630859375 164.56842041015625
6.jpg 0.11444490402936935 163.55458068847656 158.33885192871094 207.22805786132812 180.35787963867188
7.jpg 0.2075957953929901 176.79209899902344 127.95549774169922 222.86680603027344 174.9832000732422
