4.jpg 0.19969546794891357 245.8680877685547 123.09056091308594 280.7538757324219 155.24818420410156
4.jpg 0.16401363909244537 240.6215057373047 104.14322662353516 277.5264892578125 141.11952209472656
7.jpg 0.18265403807163239 242.55442810058594 44.573299407958984 275.3343200683594 78.65495300292969
7.jpg 0.15342773497104645 241.26361083984375 58.86265182495117 276.6668701171875 95.41577911376953
7.jpg 0.15278007090091705 247.5920867919922 185.98092651367188 280.95440673828125 216.5141143798828
1.jpg 0.19135932624340057 233.26023864746094 245.48387145996094 285.96533203125 288.936767578125
1.jpg 0.17664659023284912 242.33773803710938 88.92154693603516 275.538330078125 126.4874267578125
1.jpg 0.16357967257499695 244.53077697753906 265.642822265625 280.0707702636719 294.7464904785156
4.jpg 0.1458427459001541 171.42430114746094 0.0 300.0 265.7085876464844
6.jpg 0.15428800880908966 172.86866760253906 0.0 300.0 274.60235595703125
0.jpg 0.14600449800491333 172.5981903076172 0.0 300.0 264.42706298828125
2.jpg 0.14689745008945465 172.1984405517578 0.0 300.0 262.1045227050781
2.jpg 0.10127462446689606 171.4398651123047 108.12800598144531 222.4114532470703 159.05746459960938
7.jpg 0.13338883221149445 170.91693115234375 0.0 300.0 267.6399230957031
5.jpg 0.1423051655292511 170.84315490722656 0.0 300.0 264.3276672363281
3.jpg 0.1417715698480606 172.32330322265625 0.0 300.0 274.4974060058594
3.jpg 0.1195213720202446 109.19489288330078 24.77440643310547 157.3340606689453 73.15083312988281
3.jpg 0.11400007456541061 189.77166748046875 101.18214416503906 238.17759704589844 145.72816467285156
3.jpg 0.1039944514632225 155.08387756347656 26.15306282043457 203.71078491210938 75.74397277832031
1.jpg 0.13574668765068054 172.16531372070312 0.0 300.0 269.14697265625
8.jpg 0.1543581187725067 172.87437438964844 0.0 300.0 269.5450439453125
8.jpg 0.1021648496389389 47.44068145751953 124.93061828613281 94.88911437988281 174.92396545410156
9.jpg 0.14540639519691467 172.25344848632812 0.0 300.0 271.3624572753906
6.jpg 0.15428800880908966 172.86866760253906 0.0 300.0 274.60235595703125
8.jpg 0.1543581187725067 172.87437438964844 0.0 300.0 269.5450439453125
