4.jpg 0.10489287227392197 0.0 167.3179931640625 125.46600341796875 300.0
4.jpg 0.1030249297618866 0.0 0.0 124.51411437988281 150.11474609375
0.jpg 0.10599526762962341 0.0 0.0 124.38231658935547 151.0052032470703
2.jpg 0.10775585472583771 0.0 168.05380249023438 125.3196792602539 300.0
2.jpg 0.10547507554292679 0.0 0.0 124.6163330078125 149.9718780517578
7.jpg 0.12548018991947174 236.93064880371094 237.7633819580078 287.6445007324219 288.6893310546875
7.jpg 0.10358554869890213 0.0 168.36737060546875 125.8294677734375 300.0
7.jpg 0.10176704078912735 0.0 0.0 123.89469146728516 151.80526733398438
5.jpg 0.10909022390842438 0.0 167.41603088378906 125.36565399169922 300.0
5.jpg 0.10477916896343231 0.0 0.0 124.86682891845703 150.8448028564453
3.jpg 0.11137114465236664 0.0 168.25054931640625 126.0504150390625 300.0
1.jpg 0.11273596435785294 0.0 168.49319458007812 125.93910217285156 300.0
1.jpg 0.11194963753223419 89.74324798583984 78.82142639160156 138.14073181152344 127.5932846069336
1.jpg 0.10314507782459259 72.9999008178711 90.93986511230469 122.80696868896484 143.36045837402344
1.jpg 0.10298781096935272 47.97779083251953 93.58609008789062 97.77035522460938 144.4848175048828
1.jpg 0.10057781636714935 0.0 0.0 124.47400665283203 152.1159210205078
8.jpg 0.10318590700626373 0.0 0.0 124.86793518066406 154.54684448242188
9.jpg 0.10135691612958908 86.17035675048828 90.38627624511719 136.9960479736328 141.55352783203125
9.jpg 0.10054067522287369 0.0 169.0682830810547 126.26400756835938 300.0
1.jpg 0.16307739913463593 93.64315032958984 77.71379852294922 143.78167724609375 127.06095123291016
5.jpg 0.26037606596946716 170.0004425048828 165.69036865234375 220.69912719726562 213.76321411132812
2.jpg 0.20912836492061615 164.27610778808594 161.35540771484375 213.67849731445312 210.74151611328125
5.jpg 0.26037606596946716 170.0004425048828 165.69036865234375 220.69912719726562 213.76321411132812
7.jpg 0.12548018991947174 236.93064880371094 237.7633819580078 287.6445007324219 288.6893310546875
4.jpg 0.1287354826927185 62.8380241394043 30.991302490234375 111.67754364013672 79.81604766845703
6.jpg 0.15652453899383545 206.59144592285156 0.0 256.6909484863281 45.64223861694336
0.jpg 0.13786132633686066 74.28337860107422 77.135498046875 125.90645599365234 128.53240966796875
2.jpg 0.2212151288986206 234.83966064453125 92.10791778564453 285.44866943359375 142.60450744628906
2.jpg 0.20215816795825958 160.38558959960938 158.98577880859375 209.31983947753906 208.37461853027344
2.jpg 0.17566540837287903 224.1114959716797 82.71395874023438 272.9444274902344 131.65919494628906
2.jpg 0.12790802121162415 44.08339309692383 98.7366714477539 92.5385971069336 147.1172332763672
5.jpg 0.22818425297737122 171.58670043945312 161.11085510253906 221.9695281982422 210.7636260986328
1.jpg 0.1577407270669937 21.66128158569336 96.15132904052734 71.6596908569336 146.2241668701172
1.jpg 0.14459148049354553 25.845762252807617 113.4918441772461 74.8665771484375 162.78089904785156
8.jpg 0.2704693675041199 69.33720397949219 68.00819396972656 119.27043914794922 118.97151184082031
9.jpg 0.3822225332260132 6.005021095275879 126.80311584472656 56.273067474365234 177.04241943359375
9.jpg 0.122186079621315 6.265314102172852 146.4324493408203 53.8215446472168 194.22972106933594
2.jpg 0.2212151288986206 234.83966064453125 92.10791778564453 285.44866943359375 142.60450744628906
2.jpg 0.20215816795825958 160.38558959960938 158.98577880859375 209.31983947753906 208.37461853027344
5.jpg 0.22818425297737122 171.58670043945312 161.11085510253906 221.9695281982422 210.7636260986328
8.jpg 0.2704693675041199 69.33720397949219 68.00819396972656 119.27043914794922 118.97151184082031
9.jpg 0.3822225332260132 6.005021095275879 126.80311584472656 56.273067474365234 177.04241943359375
8.jpg 0.2704693675041199 69.33720397949219 68.00819396972656 119.27043914794922 118.97151184082031
9.jpg 0.3822225332260132 6.005021095275879 126.80311584472656 56.273067474365234 177.04241943359375
9.jpg 0.3822225332260132 6.005021095275879 126.80311584472656 56.273067474365234 177.04241943359375
9.jpg 0.3822225332260132 6.005021095275879 126.80311584472656 56.273067474365234 177.04241943359375
