4.jpg 0.2029915153980255 71.19242095947266 264.62823486328125 136.10044860839844 300.0
4.jpg 0.1856132298707962 173.53390502929688 94.5870132446289 219.141357421875 146.5704345703125
4.jpg 0.16364578902721405 185.0056915283203 82.04208374023438 232.305908203125 129.60147094726562
4.jpg 0.15942318737506866 262.1864013671875 118.18006134033203 298.5267639160156 142.18429565429688
4.jpg 0.15869176387786865 259.5523986816406 154.91673278808594 300.0 207.6055908203125
4.jpg 0.15056313574314117 104.62830352783203 263.8244323730469 168.2559356689453 300.0
4.jpg 0.1490258276462555 264.6556091308594 78.46047973632812 300.0 137.6366424560547
4.jpg 0.14035291969776154 182.75746154785156 123.3586196899414 233.845703125 177.26358032226562
4.jpg 0.1400405913591385 201.60296630859375 14.236724853515625 252.25372314453125 67.78240203857422
4.jpg 0.13878557085990906 13.316288948059082 175.0260467529297 62.55827713012695 224.67645263671875
4.jpg 0.13769519329071045 188.43289184570312 48.980506896972656 238.33094787597656 99.99640655517578
4.jpg 0.13545016944408417 218.51321411132812 0.0 270.195068359375 52.301090240478516
4.jpg 0.1304520219564438 219.39170837402344 32.072750091552734 268.86273193359375 86.28669738769531
4.jpg 0.12749803066253662 0.0 189.51821899414062 47.34077453613281 241.8432159423828
4.jpg 0.12733560800552368 212.77066040039062 121.67713165283203 255.92379760742188 138.42066955566406
4.jpg 0.12451694160699844 259.7748107910156 102.67373657226562 297.14044189453125 127.32697296142578
4.jpg 0.12324656546115875 0.0 14.242391586303711 40.45652389526367 67.0181884765625
4.jpg 0.1230129525065422 214.43948364257812 61.52355194091797 262.7117919921875 103.12641906738281
4.jpg 0.11988802999258041 258.84796142578125 62.20880126953125 300.0 113.06995391845703
4.jpg 0.11868566274642944 197.92636108398438 92.4362564086914 217.64910888671875 134.58306884765625
4.jpg 0.1178969144821167 118.88423919677734 194.51370239257812 140.4286651611328 235.5824432373047
4.jpg 0.11735796928405762 7.027177333831787 79.39019775390625 49.04872131347656 101.19528198242188
4.jpg 0.11719898134469986 164.7464141845703 174.1484832763672 206.8836212158203 195.86740112304688
4.jpg 0.11697161942720413 0.0 155.25888061523438 47.021183013916016 202.56346130371094
4.jpg 0.116850346326828 8.904179573059082 265.81439208984375 30.622180938720703 300.0
4.jpg 0.11683828383684158 0.0 59.61125564575195 195.49337768554688 237.47166442871094
4.jpg 0.11665042489767075 103.63614654541016 207.04852294921875 144.2957000732422 225.93760681152344
4.jpg 0.11629759520292282 133.5120086669922 158.7078094482422 175.388427734375 180.0912322998047
4.jpg 0.11546921730041504 259.5140686035156 187.0171356201172 300.0 239.99179077148438
4.jpg 0.11513666808605194 0.0 268.0603332519531 42.020355224609375 300.0
4.jpg 0.11494257301092148 172.56614685058594 29.860397338867188 219.3214111328125 82.93648529052734
4.jpg 0.11480671167373657 259.48223876953125 14.371597290039062 300.0 64.25481414794922
4.jpg 0.11479213833808899 0.0 167.60931396484375 184.72303771972656 300.0
4.jpg 0.1146889179944992 6.941690921783447 95.16978454589844 48.525001525878906 116.74527740478516
4.jpg 0.11451755464076996 101.64268493652344 158.7449188232422 142.5028839111328 179.90611267089844
4.jpg 0.11429382860660553 261.21435546875 107.20467376708984 283.3079833984375 149.05764770507812
4.jpg 0.11404521018266678 225.84579467773438 68.23772430419922 256.4892883300781 95.31004333496094
4.jpg 0.11387358605861664 0.0 229.37704467773438 32.82685470581055 251.45155334472656
4.jpg 0.11342290788888931 243.57867431640625 72.18611145019531 284.4879150390625 92.57394409179688
4.jpg 0.11286816745996475 0.0 7.8799333572387695 31.93644142150879 30.51570701599121
4.jpg 0.11286088079214096 0.0 213.59771728515625 32.744388580322266 235.68463134765625
4.jpg 0.11276652663946152 0.0 55.7005729675293 32.7188835144043 77.80026245117188
4.jpg 0.11270467936992645 0.0 71.49158477783203 32.7192268371582 93.58731842041016
4.jpg 0.11270467936992645 0.0 87.28105926513672 32.7192268371582 109.37679290771484
4.jpg 0.11270467936992645 0.0 103.0705337524414 32.7192268371582 125.16626739501953
4.jpg 0.11270467936992645 0.0 118.8600082397461 32.7192268371582 140.95574951171875
4.jpg 0.11270467936992645 0.0 134.64947509765625 32.7192268371582 156.74522399902344
4.jpg 0.11270467936992645 0.0 150.43894958496094 32.7192268371582 172.53469848632812
4.jpg 0.11270467936992645 0.0 166.2284393310547 32.7192268371582 188.32415771484375
4.jpg 0.11270467936992645 0.0 182.01788330078125 32.7192268371582 204.11363220214844
4.jpg 0.11270071566104889 0.0 197.8072509765625 32.71974563598633 219.90292358398438
4.jpg 0.11247720569372177 174.20567321777344 136.35679626464844 219.00892639160156 192.81410217285156
4.jpg 0.11245978623628616 0.0 39.92047119140625 32.74545669555664 62.056365966796875
4.jpg 0.11220885068178177 37.861122131347656 95.09555053710938 80.54061126708984 117.02446746826172
4.jpg 0.11204366385936737 54.34250259399414 172.8143310546875 97.635986328125 196.90786743164062
4.jpg 0.11183808743953705 0.0 245.11767578125 32.393428802490234 267.14715576171875
4.jpg 0.11109305173158646 211.3680877685547 55.58938217163086 254.31353759765625 77.4735336303711
4.jpg 0.11109276115894318 275.7183837890625 71.94145965576172 300.0 93.20488739013672
4.jpg 0.11093564331531525 160.94627380371094 79.97117614746094 208.7284698486328 131.3321075439453
4.jpg 0.11081297695636749 275.0833740234375 55.90065002441406 300.0 77.47547149658203
4.jpg 0.11058464646339417 0.0 24.07720375061035 32.58559036254883 46.000125885009766
4.jpg 0.11053643375635147 164.18472290039062 158.28610229492188 207.21238708496094 180.1866912841797
4.jpg 0.11017553508281708 243.37432861328125 55.933258056640625 285.5956726074219 77.47394561767578
4.jpg 0.11003989726305008 226.0723419189453 84.6790542602539 270.6424255371094 110.36880493164062
4.jpg 0.10977939516305923 25.549663543701172 0.0 45.65225601196289 24.808536529541016
4.jpg 0.10974109917879105 68.87451171875 158.22537231445312 112.2644271850586 179.7283935546875
4.jpg 0.10962937772274017 139.02536010742188 149.37203979492188 184.47293090820312 190.5508575439453
4.jpg 0.10953988134860992 264.57635498046875 110.30748748779297 300.0 168.31640625
4.jpg 0.10947401821613312 85.434326171875 171.50709533691406 128.51092529296875 197.54061889648438
4.jpg 0.109397754073143 119.56591033935547 188.58175659179688 158.38729858398438 213.1669464111328
4.jpg 0.10936065018177032 37.551658630371094 79.37265014648438 80.83222198486328 101.32642364501953
4.jpg 0.10926207900047302 37.52650833129883 267.9011535644531 107.79901885986328 300.0
4.jpg 0.10889821499586105 0.0 260.934814453125 31.970300674438477 282.722412109375
4.jpg 0.10889653861522675 258.29217529296875 269.308837890625 299.81231689453125 290.69769287109375
4.jpg 0.10865996032953262 52.7996826171875 39.86928939819336 97.23765563964844 61.9607048034668
4.jpg 0.10861803591251373 37.773826599121094 110.7767333984375 80.35227966308594 132.8674774169922
4.jpg 0.10858599841594696 125.22811889648438 44.70262145996094 174.1230010986328 101.9653549194336
4.jpg 0.10855153203010559 52.874900817871094 229.32754516601562 97.3918685913086 251.36061096191406
4.jpg 0.10852634906768799 52.83048629760742 150.33999633789062 97.19488525390625 172.47108459472656
4.jpg 0.10852596163749695 52.83711242675781 55.611610412597656 97.20757293701172 77.73274993896484
4.jpg 0.10849417746067047 137.7058563232422 165.41934204101562 184.86929321289062 206.7493896484375
4.jpg 0.10848751664161682 52.834449768066406 71.39752197265625 97.21011352539062 93.51494598388672
4.jpg 0.10844394564628601 52.81034469604492 134.53941345214844 97.20623016357422 156.68299865722656
4.jpg 0.10843511670827866 52.84675598144531 213.5098419189453 97.21544647216797 235.6135711669922
4.jpg 0.10841213911771774 52.84185028076172 197.71595764160156 97.19140625 219.83692932128906
4.jpg 0.1084100529551506 52.83248519897461 87.17788696289062 97.22224426269531 109.30482482910156
4.jpg 0.10829640179872513 254.2974090576172 137.0717010498047 300.0 300.0
4.jpg 0.10829368233680725 197.0466766357422 60.57635498046875 219.05642700195312 103.08973693847656
4.jpg 0.10827595740556717 258.487548828125 253.7445831298828 300.0 275.0801696777344
4.jpg 0.108261838555336 52.81040573120117 118.73979187011719 97.2084732055664 140.8932647705078
4.jpg 0.10824529081583023 0.0 244.73802185058594 96.9755630493164 300.0
4.jpg 0.10822906345129013 52.82293701171875 102.95628356933594 97.2291488647461 125.09528350830078
4.jpg 0.10819864273071289 259.8792724609375 134.73184204101562 300.0 157.31729125976562
4.jpg 0.10811084508895874 37.26113510131836 158.27493286132812 81.43898010253906 179.92340087890625
4.jpg 0.10787621885538101 53.29634094238281 188.09765625 97.20235443115234 211.60592651367188
4.jpg 0.10772322863340378 52.89313888549805 260.84521484375 96.21713256835938 282.5968933105469
4.jpg 0.10768016427755356 258.3491516113281 79.97979736328125 300.0 101.44973754882812
4.jpg 0.10768016427755356 258.3491516113281 95.7692642211914 300.0 117.23920440673828
4.jpg 0.10767762362957001 258.3502502441406 64.19255065917969 300.0 85.66114044189453
4.jpg 0.10767622292041779 258.3486328125 190.50616455078125 300.0 211.9762420654297
4.jpg 0.1076761782169342 258.3487548828125 174.7165069580078 300.0 196.18666076660156
4.jpg 0.10767560452222824 258.3489990234375 158.92698669433594 300.0 180.3970947265625
4.jpg 0.1076730266213417 258.3488464355469 206.29544067382812 300.0 227.7659149169922
4.jpg 0.10754077136516571 258.3515625 222.0847625732422 300.0 243.54286193847656
4.jpg 0.1074911579489708 183.32093811035156 199.63116455078125 300.0 300.0
4.jpg 0.10735172778367996 91.86569213867188 14.241275787353516 137.09799194335938 56.60636901855469
4.jpg 0.10734930634498596 0.0 0.0 93.3358154296875 147.34249877929688
4.jpg 0.10723040252923965 179.338623046875 55.66474914550781 223.27578735351562 77.46136474609375
4.jpg 0.10722128301858902 6.163700580596924 63.61827850341797 49.20838928222656 85.48014831542969
4.jpg 0.10711920261383057 54.43125534057617 4.023689270019531 248.3167266845703 300.0
4.jpg 0.10703177750110626 107.13575744628906 149.98658752441406 153.2587890625 190.62591552734375
4.jpg 0.10700847953557968 258.3487548828125 48.45563507080078 300.0 69.85275268554688
4.jpg 0.10693344473838806 0.0 70.2566909790039 26.398656845092773 111.025146484375
4.jpg 0.10690691322088242 229.08518981933594 117.13936614990234 268.1496276855469 142.4280548095703
4.jpg 0.10677449405193329 258.3276672363281 237.88722229003906 300.0 259.28070068359375
4.jpg 0.10650737583637238 109.57908630371094 28.899534225463867 159.8981170654297 84.62745666503906
4.jpg 0.1062837466597557 127.08291625976562 206.79962158203125 168.29661560058594 229.15908813476562
4.jpg 0.10625956207513809 59.83220672607422 14.336100578308105 105.36324310302734 56.65572738647461
4.jpg 0.1062573790550232 69.04928588867188 111.01229858398438 112.19224548339844 132.91842651367188
4.jpg 0.10625733435153961 52.8753776550293 245.12908935546875 97.1882095336914 266.99822998046875
4.jpg 0.10625606775283813 83.88237762451172 187.67626953125 128.71351623535156 211.58140563964844
4.jpg 0.10622487962245941 0.0 0.0 33.03749084472656 13.563192367553711
4.jpg 0.10620871931314468 84.82627868652344 40.056175231933594 128.0666046142578 61.87491989135742
4.jpg 0.10614728927612305 76.07746887207031 22.372722625732422 121.07642364501953 64.3829345703125
4.jpg 0.1061321273446083 44.4992790222168 22.370664596557617 89.4960708618164 64.38697052001953
4.jpg 0.10612180083990097 139.22927856445312 22.4128475189209 184.27816772460938 64.38241577148438
4.jpg 0.106109619140625 186.6088409423828 14.489577293395996 231.61549377441406 56.51459884643555
4.jpg 0.10607825219631195 218.6995849609375 0.0 300.0 166.6560821533203
4.jpg 0.10607322305440903 155.02023315429688 14.485998153686523 200.04344177246094 56.5042839050293
4.jpg 0.10607097297906876 21.44477653503418 260.8426818847656 65.22052001953125 282.427490234375
4.jpg 0.10607074946165085 123.44618225097656 14.471433639526367 168.46900939941406 56.49761962890625
4.jpg 0.10605937987565994 277.0274658203125 274.57958984375 298.9095153808594 300.0
4.jpg 0.1060163751244545 12.921175003051758 22.371469497680664 57.91522216796875 64.39586639404297
4.jpg 0.1059732660651207 68.95362091064453 95.23872375488281 112.29114532470703 117.1332015991211
4.jpg 0.10588838160037994 249.7709197998047 14.498821258544922 294.76092529296875 56.527645111083984
4.jpg 0.10586687922477722 116.19570922851562 40.030452728271484 159.89393615722656 61.887454986572266
4.jpg 0.10585588961839676 132.4838104248047 142.67442321777344 175.4253387451172 164.34756469726562
4.jpg 0.10583926737308502 229.61935424804688 108.38985443115234 250.06915283203125 147.83323669433594
4.jpg 0.1058133989572525 200.0594940185547 95.68981170654297 252.91102600097656 145.01718139648438
4.jpg 0.10577619820833206 179.21641540527344 182.09974670410156 222.94932556152344 204.0532684326172
4.jpg 0.10573737323284149 147.70899963378906 182.08676147460938 191.3203887939453 204.04861450195312
4.jpg 0.10571001470088959 147.65841674804688 55.65662384033203 191.9576416015625 77.54163360595703
4.jpg 0.10569710284471512 195.36155700683594 173.92686462402344 238.76109313964844 196.05801391601562
4.jpg 0.10567353665828705 84.87252807617188 55.80414962768555 128.11160278320312 77.62201690673828
4.jpg 0.10560627281665802 244.78712463378906 171.5803985595703 297.012939453125 222.1150360107422
4.jpg 0.1056043729186058 163.89418029785156 189.64898681640625 206.5082550048828 211.59449768066406
4.jpg 0.10551848262548447 37.417903900146484 63.659088134765625 80.83612823486328 85.56537628173828
4.jpg 0.10551594197750092 84.74484252929688 150.46043395996094 127.9725341796875 172.48895263671875
4.jpg 0.1054932028055191 249.78604125976562 46.955535888671875 294.96026611328125 87.94354248046875
4.jpg 0.10546350479125977 132.00027465820312 47.94246292114258 175.5936737060547 69.80767822265625
4.jpg 0.10544370114803314 116.19120025634766 166.28720092773438 159.69482421875 188.26361083984375
4.jpg 0.10543719679117203 210.8576202392578 182.13555908203125 254.5825653076172 204.0626220703125
6.jpg 0.1942199468612671 24.06061363220215 205.1815643310547 62.900367736816406 229.23326110839844
6.jpg 0.14906522631645203 24.41864585876465 168.6688690185547 79.14864349365234 221.09625244140625
6.jpg 0.1465137004852295 259.988525390625 154.16543579101562 300.0 206.7686309814453
6.jpg 0.14421935379505157 8.63400650024414 203.12503051757812 28.68065071105957 243.99781799316406
6.jpg 0.14401373267173767 23.029855728149414 221.5255584716797 62.8177375793457 245.62037658691406
6.jpg 0.1426946222782135 9.731945037841797 122.23319244384766 28.720436096191406 162.7999267578125
6.jpg 0.14094673097133636 260.6150207519531 186.2306671142578 300.0 239.09915161132812
6.jpg 0.13631044328212738 8.896965980529785 139.78541564941406 28.823650360107422 180.2535400390625
6.jpg 0.1333080679178238 0.0 204.03109741210938 30.240400314331055 228.2250213623047
6.jpg 0.1328669637441635 9.967569351196289 106.03934478759766 29.337766647338867 147.4686279296875
6.jpg 0.13248178362846375 9.435250282287598 184.3787841796875 28.732704162597656 227.1672821044922
6.jpg 0.13052846491336823 9.626434326171875 222.4945526123047 47.26387405395508 241.43988037109375
6.jpg 0.13011132180690765 8.495307922363281 154.13743591308594 29.025766372680664 197.73670959472656
6.jpg 0.12901437282562256 59.05772399902344 237.89549255371094 105.4535140991211 278.35882568359375
6.jpg 0.12744435667991638 69.96282196044922 181.81353759765625 110.76406860351562 205.63377380371094
6.jpg 0.12670248746871948 72.87093353271484 229.86343383789062 111.11819458007812 251.5879364013672
6.jpg 0.12644250690937042 9.132686614990234 266.2292785644531 30.268918991088867 300.0
6.jpg 0.126389741897583 74.83683013916016 30.475034713745117 124.54388427734375 83.2862319946289
6.jpg 0.12567918002605438 261.20751953125 201.54705810546875 281.19146728515625 246.5509796142578
6.jpg 0.12518231570720673 9.921332359313965 234.15127563476562 28.75921058654785 276.0018005371094
6.jpg 0.12449228763580322 254.2827911376953 193.48703002929688 300.0 300.0
6.jpg 0.12443290650844574 8.377010345458984 205.66574096679688 47.370914459228516 224.8408966064453
6.jpg 0.12420250475406647 0.0 245.01547241210938 14.444639205932617 285.5889892578125
6.jpg 0.12278678268194199 40.76963424682617 170.48536682128906 61.3922119140625 212.96261596679688
6.jpg 0.12252093851566315 275.0443115234375 215.0364990234375 300.0 232.63784790039062
6.jpg 0.12250660359859467 53.096473693847656 246.19427490234375 95.84886169433594 264.2718200683594
6.jpg 0.1223820298910141 0.0 251.81796264648438 33.394248962402344 275.2117919921875
6.jpg 0.12160368263721466 0.0 164.37001037597656 25.336349487304688 205.76217651367188
6.jpg 0.12149720638990402 58.66449737548828 141.2005157470703 105.91716766357422 183.89268493652344
6.jpg 0.12143510580062866 69.17230224609375 245.1715545654297 111.44447326660156 268.4049987792969
6.jpg 0.12115661799907684 23.47035026550293 189.27459716796875 62.26602554321289 213.65798950195312
6.jpg 0.12101633101701736 226.92105102539062 243.39515686035156 271.3988952636719 267.11138916015625
6.jpg 0.12097034603357315 158.88531494140625 93.09513092041016 204.88616943359375 146.34329223632812
6.jpg 0.12014269083738327 56.15290451049805 151.17762756347656 96.15678405761719 171.8807830810547
6.jpg 0.11965949833393097 177.06607055664062 155.6395721435547 223.70639038085938 207.569580078125
6.jpg 0.11961210519075394 24.126840591430664 196.125732421875 46.06727981567383 239.8817901611328
6.jpg 0.11878790706396103 116.8402328491211 166.0968475341797 158.9929656982422 188.2486114501953
6.jpg 0.11863842606544495 266.769287109375 94.400146484375 300.0 153.44683837890625
6.jpg 0.11857812851667404 70.02267456054688 174.14466857910156 112.09445190429688 195.9190673828125
6.jpg 0.11826489120721817 6.365802764892578 102.88367462158203 51.39619064331055 125.90469360351562
6.jpg 0.11821015924215317 227.64292907714844 228.3924560546875 272.33087158203125 252.0420379638672
6.jpg 0.11810588091611862 0.0 195.5662078857422 13.482683181762695 236.09681701660156
6.jpg 0.1179727241396904 0.0 87.2267074584961 33.2608757019043 108.89585876464844
6.jpg 0.1176396906375885 70.0268325805664 134.57437133789062 111.00868225097656 157.34620666503906
6.jpg 0.11735618114471436 59.2022819519043 187.5670623779297 106.5680923461914 230.00303649902344
6.jpg 0.11735042184591293 44.33954620361328 79.46131896972656 98.25237274169922 126.80178833007812
6.jpg 0.11733836680650711 58.629722595214844 201.97671508789062 106.1033935546875 249.05325317382812
6.jpg 0.11715858429670334 215.49191284179688 169.98703002929688 268.46490478515625 225.24569702148438
6.jpg 0.11712414771318436 20.814714431762695 268.2763366699219 90.67893981933594 300.0
6.jpg 0.1166008859872818 45.56835174560547 224.53211975097656 75.20651245117188 256.0719909667969
6.jpg 0.11608976870775223 16.447795867919922 211.85604858398438 36.64853286743164 256.0931091308594
6.jpg 0.11572565883398056 37.23891067504883 220.80862426757812 78.8373031616211 243.4672088623047
6.jpg 0.11555270105600357 68.91736602783203 260.3685607910156 112.01350402832031 283.37408447265625
6.jpg 0.11547938734292984 85.4568099975586 171.31851196289062 140.98941040039062 218.82362365722656
6.jpg 0.11543495953083038 96.06715393066406 220.02818298339844 117.94215393066406 263.4136047363281
6.jpg 0.11534342914819717 275.59027099609375 199.40528869628906 300.0 216.17588806152344
6.jpg 0.11530373990535736 0.0 188.36529541015625 33.14089584350586 211.59945678710938
6.jpg 0.11529088020324707 74.14584350585938 123.42640686035156 128.08949279785156 171.26986694335938
6.jpg 0.11507709324359894 263.95269775390625 77.88031768798828 300.0 126.11351776123047
6.jpg 0.11497654020786285 102.38136291503906 182.0988006591797 143.03480529785156 204.7356414794922
6.jpg 0.1148795634508133 274.73553466796875 252.45103454589844 300.0 298.2093811035156
6.jpg 0.11445751041173935 73.98291015625 92.43529510498047 126.08594512939453 142.41851806640625
6.jpg 0.11442920565605164 48.223628997802734 136.4921112060547 89.39656066894531 158.16346740722656
6.jpg 0.11436234414577484 86.24168395996094 87.6592788696289 127.93885803222656 109.060302734375
6.jpg 0.11419812589883804 59.772254943847656 124.83479309082031 106.22794342041016 167.03570556640625
6.jpg 0.11418579518795013 257.399658203125 195.96893310546875 300.0 219.70863342285156
6.jpg 0.11414746195077896 0.0 71.3978271484375 33.190189361572266 93.54320526123047
6.jpg 0.11404196172952652 39.92729949951172 186.14044189453125 61.38584899902344 229.9749298095703
6.jpg 0.11345376074314117 264.5731201171875 178.08908081054688 297.43218994140625 209.209716796875
6.jpg 0.11335357278585434 9.739076614379883 213.2911376953125 58.66811752319336 254.43511962890625
6.jpg 0.11326359212398529 116.63288116455078 150.09683227539062 159.41140747070312 172.53271484375
6.jpg 0.11324260383844376 0.0 55.65082931518555 32.86747360229492 77.76327514648438
6.jpg 0.11309465020895004 0.0 60.042999267578125 196.77076721191406 238.72018432617188
6.jpg 0.11292373389005661 38.45667266845703 158.56005859375 80.4351806640625 180.10302734375
6.jpg 0.11286816745996475 0.0 7.8799333572387695 31.93644142150879 30.51570701599121
6.jpg 0.11259235441684723 72.04801177978516 118.17719268798828 110.71171569824219 141.625244140625
6.jpg 0.11258194595575333 68.83039093017578 237.04190063476562 112.25267028808594 259.3981628417969
6.jpg 0.11249904334545135 47.929569244384766 206.59100341796875 71.0639419555664 245.1927490234375
6.jpg 0.11247396469116211 96.19322204589844 204.73915100097656 117.28500366210938 246.83145141601562
6.jpg 0.11243946105241776 0.0 39.92102813720703 32.75151062011719 62.05595016479492
6.jpg 0.11241523921489716 54.21403503417969 87.72154235839844 95.95271301269531 108.82748413085938
6.jpg 0.11225789785385132 116.7351303100586 102.9665298461914 159.3929901123047 124.96894073486328
6.jpg 0.1121952086687088 6.764338970184326 158.53126525878906 48.433834075927734 179.9980926513672
6.jpg 0.11212453246116638 8.4536771774292 75.86328125 30.095308303833008 118.9876708984375
6.jpg 0.1119021624326706 0.0 151.71900939941406 26.377946853637695 172.64120483398438
6.jpg 0.1110629066824913 0.0 168.69361877441406 183.17665100097656 300.0
6.jpg 0.11106161028146744 116.68704986572266 87.23814392089844 159.81796264648438 109.19033813476562
6.jpg 0.11091626435518265 204.022705078125 235.16452026367188 253.16897583007812 284.1355285644531
6.jpg 0.11090121418237686 9.251275062561035 219.16041564941406 28.823549270629883 260.44390869140625
6.jpg 0.11061622947454453 116.61801147460938 181.79107666015625 158.86085510253906 203.469482421875
6.jpg 0.11059575527906418 279.5148010253906 160.51046752929688 300.0 193.38233947753906
6.jpg 0.11058462411165237 0.0 24.07720375061035 32.58559036254883 46.000125885009766
6.jpg 0.11055103689432144 69.47836303710938 158.3594207763672 112.41241455078125 180.17747497558594
6.jpg 0.11049596965312958 0.0 0.0 93.13172912597656 147.40731811523438
6.jpg 0.1103959009051323 38.49676513671875 174.5777130126953 79.49291229248047 195.6648712158203
6.jpg 0.11037349700927734 54.69949722290039 214.4453887939453 97.28004455566406 234.5269012451172
6.jpg 0.11016584932804108 228.74557495117188 267.1138610839844 250.69284057617188 300.0
6.jpg 0.11015849560499191 258.1422424316406 241.93348693847656 300.0 266.82257080078125
6.jpg 0.11013078689575195 261.1890563964844 169.12664794921875 281.35577392578125 213.83456420898438
6.jpg 0.11010522395372391 21.99502944946289 262.3367919921875 65.37777709960938 281.0110168457031
6.jpg 0.11005207896232605 109.223876953125 29.368864059448242 155.66355895996094 83.67363739013672
6.jpg 0.10978252440690994 33.73518371582031 180.63218688964844 82.67243957519531 204.5861053466797
6.jpg 0.10977939516305923 25.549663543701172 0.0 45.65225601196289 24.808536529541016
6.jpg 0.10970934480428696 122.60427856445312 148.3968505859375 174.83558654785156 195.33541870117188
6.jpg 0.10941538214683533 100.65174102783203 174.1000518798828 143.90628051757812 196.04318237304688
6.jpg 0.10914985835552216 107.22228240966797 101.33905029296875 159.38734436035156 145.84837341308594
6.jpg 0.10914289951324463 132.1796417236328 264.7369079589844 200.2603759765625 300.0
6.jpg 0.10905341804027557 4.026107311248779 118.53617095947266 50.06611633300781 139.96656799316406
6.jpg 0.10889578610658646 258.29217529296875 269.308837890625 299.812255859375 290.6976623535156
6.jpg 0.10888136923313141 0.0 244.40821838378906 99.7818832397461 300.0
6.jpg 0.10868632048368454 202.54318237304688 138.343017578125 257.4129638671875 191.23391723632812
6.jpg 0.10860679298639297 100.89060974121094 237.2648162841797 143.72283935546875 259.3485412597656
6.jpg 0.10857231914997101 52.802547454833984 39.86948013305664 97.2355728149414 61.95904541015625
6.jpg 0.10855867713689804 115.9887466430664 213.1479949951172 159.04591369628906 235.72276306152344
6.jpg 0.10832832753658295 0.0 224.528564453125 14.569747924804688 270.10382080078125
6.jpg 0.10827307403087616 258.48736572265625 253.74447631835938 300.0 275.0802001953125
6.jpg 0.10824043303728104 116.19347381591797 229.17654418945312 159.3453826904297 251.3620147705078
6.jpg 0.10820894688367844 260.3155822753906 265.06719970703125 300.0 300.0
6.jpg 0.10810651630163193 72.12802124023438 189.15220642089844 93.5208969116211 231.97836303710938
6.jpg 0.10805319994688034 148.04791259765625 166.1592559814453 191.19937133789062 188.18026733398438
6.jpg 0.10804370045661926 53.520240783691406 252.5606231689453 96.45173645019531 295.47991943359375
6.jpg 0.10791981220245361 75.4568862915039 62.64966583251953 127.15687561035156 112.14045715332031
6.jpg 0.10789806395769119 116.50390625 118.55066680908203 159.28726196289062 140.5891876220703
6.jpg 0.10779187083244324 148.1150360107422 150.37387084960938 191.0740509033203 172.47100830078125
6.jpg 0.10774445533752441 12.495962142944336 149.9108123779297 58.23854446411133 190.7660675048828
6.jpg 0.10771702975034714 274.4656982421875 150.24411010742188 300.0 172.07376098632812
6.jpg 0.10769911855459213 36.830238342285156 236.94180297851562 80.37409973144531 259.09637451171875
6.jpg 0.10768016427755356 258.3491516113281 79.97979736328125 300.0 101.44973754882812
6.jpg 0.10768016427755356 258.3491516113281 95.7692642211914 300.0 117.23920440673828
6.jpg 0.10768016427755356 258.3491516113281 111.5587387084961 300.0 133.0286865234375
6.jpg 0.10768016427755356 258.3491516113281 127.34822082519531 300.0 148.8181610107422
6.jpg 0.10768016427755356 258.3491516113281 143.1376953125 300.0 164.60763549804688
6.jpg 0.10768016427755356 258.3491516113281 158.92715454101562 300.0 180.3970947265625
6.jpg 0.10768016427755356 258.3491516113281 174.71664428710938 300.0 196.18658447265625
6.jpg 0.10767762362957001 258.3502502441406 64.19255065917969 300.0 85.66114044189453
6.jpg 0.10767500102519989 258.3494567871094 206.29542541503906 300.0 227.7654266357422
6.jpg 0.10755909979343414 54.64472579956055 4.051718235015869 248.69137573242188 300.0
6.jpg 0.10754091292619705 258.3517150878906 222.08447265625 300.0 243.54254150390625
6.jpg 0.10753314942121506 68.00688934326172 197.36245727539062 110.23101043701172 220.55882263183594
6.jpg 0.10734640806913376 91.86675262451172 14.241121292114258 137.09571838378906 56.60527038574219
6.jpg 0.10724093019962311 147.97427368164062 103.08300018310547 191.20407104492188 125.01557922363281
6.jpg 0.10724087804555893 205.65496826171875 214.72743225097656 247.05020141601562 236.54908752441406
6.jpg 0.10719193518161774 148.06582641601562 118.83390808105469 191.06044006347656 140.80943298339844
6.jpg 0.10716196149587631 100.70731353759766 221.27171325683594 143.3653106689453 243.6320343017578
6.jpg 0.10710573941469193 52.82053756713867 55.59395980834961 97.14595031738281 77.66848754882812
6.jpg 0.107058085501194 50.27262496948242 199.39694213867188 88.75361633300781 222.39483642578125
6.jpg 0.10703200846910477 8.160422325134277 87.21876525878906 50.93882369995117 109.84886932373047
6.jpg 0.10700847953557968 258.3487548828125 48.45563507080078 300.0 69.85275268554688
6.jpg 0.10683850944042206 170.69241333007812 22.506467819213867 215.89736938476562 64.43730926513672
6.jpg 0.10679543763399124 53.31026840209961 71.46383666992188 96.84941864013672 93.30937194824219
6.jpg 0.10674908012151718 47.631378173828125 120.4847183227539 88.0157241821289 142.0733642578125
6.jpg 0.10673987120389938 267.6275939941406 227.337646484375 296.5488586425781 256.1455993652344
6.jpg 0.10658948868513107 147.8712158203125 229.1300811767578 191.51043701171875 251.65399169921875
6.jpg 0.10647796839475632 58.537994384765625 109.02792358398438 105.4009780883789 151.67913818359375
6.jpg 0.10635418444871902 85.30986022949219 71.64775085449219 127.9102554321289 93.28691864013672
6.jpg 0.10632173717021942 117.13648986816406 277.4548645019531 158.96322631835938 298.9412536621094
6.jpg 0.10625772923231125 59.8322868347168 14.335957527160645 105.36299896240234 56.65564727783203
6.jpg 0.10622487962245941 0.0 0.0 33.03749084472656 13.563192367553711
6.jpg 0.10618630051612854 55.81904220581055 158.25184631347656 78.1341323852539 198.7735137939453
6.jpg 0.1061498373746872 155.0244598388672 14.478020668029785 200.0238037109375 56.48800277709961
6.jpg 0.1061498373746872 186.60340881347656 14.478020668029785 231.60275268554688 56.48800277709961
6.jpg 0.1061498373746872 218.18234252929688 14.478020668029785 263.18170166015625 56.48800277709961
6.jpg 0.1061498373746872 249.76129150390625 14.478020668029785 294.7606506347656 56.48800277709961
6.jpg 0.1061498373746872 0.0 22.372758865356445 26.339601516723633 64.38273620605469
4.jpg 0.2029915153980255 71.19242095947266 264.62823486328125 136.10044860839844 300.0
4.jpg 0.1149013414978981 0.0 0.0 98.21479797363281 148.50167846679688
6.jpg 0.11578018218278885 0.0 0.0 96.72738647460938 148.39747619628906
0.jpg 0.11668317764997482 0.0 0.0 94.64203643798828 149.9462890625
2.jpg 0.12083263695240021 0.0 0.0 96.21141815185547 149.22625732421875
7.jpg 0.12204745411872864 0.0 0.0 96.54057312011719 147.88433837890625
5.jpg 0.1234903633594513 0.0 0.0 97.68256378173828 147.08572387695312
3.jpg 0.12479821592569351 0.0 0.0 98.06874084472656 146.81492614746094
1.jpg 0.12291011959314346 0.0 0.0 98.551513671875 146.95327758789062
8.jpg 0.1112932339310646 0.0 0.0 96.53605651855469 149.51068115234375
9.jpg 0.12329699099063873 0.0 0.0 96.69400787353516 147.48065185546875
2.jpg 0.12083263695240021 0.0 0.0 96.21141815185547 149.22625732421875
7.jpg 0.12204745411872864 0.0 0.0 96.54057312011719 147.88433837890625
5.jpg 0.1234903633594513 0.0 0.0 97.68256378173828 147.08572387695312
3.jpg 0.12479821592569351 0.0 0.0 98.06874084472656 146.81492614746094
1.jpg 0.12291011959314346 0.0 0.0 98.551513671875 146.95327758789062
9.jpg 0.12329699099063873 0.0 0.0 96.69400787353516 147.48065185546875
